38807.734000 0.000000000 0.000000000 0.000000000 -0.000000000 -0.000000000 -0.000000000 1.000000000
38807.859000 0.002518345 0.003406820 0.000319850 -0.000781999 0.002746604 -0.001770481 0.999994338
38807.921000 0.003516029 0.002783472 0.000334814 -0.000674980 0.002604368 -0.001649434 0.999995053
38807.984000 0.002689103 0.001142109 -0.000463075 0.000279464 0.001158302 -0.000348574 0.999999225
38808.062000 0.001078088 -0.000557834 -0.000861060 0.001107998 -0.000077090 0.002028709 0.999997377
38808.109000 0.000590025 -0.002119069 -0.003589776 0.001752421 -0.001314408 0.002254138 0.999995053
38808.171000 0.001594911 0.000746458 -0.003874451 0.002435537 -0.000834865 0.000738904 0.999996483
38808.234000 0.001344907 -0.001246140 -0.004101436 0.001041110 0.000033245 -0.000254738 0.999999464
38808.312000 0.003336984 -0.000322008 -0.002436888 0.000163683 0.002023377 -0.000345735 0.999997914
38808.375000 0.005090442 0.001402373 -0.000405463 -0.001483112 0.003754015 0.000933550 0.999991417
38808.500000 0.006465042 0.003000932 -0.000102645 -0.003814836 0.006228227 0.000524129 0.999973178
38808.578000 0.004777350 0.003974711 -0.000145232 -0.003313484 0.006100304 -0.002137472 0.999973655
38808.703000 0.005346799 0.004938788 0.002430668 -0.002363578 0.005187008 -0.000384998 0.999983728
38810.234000 0.005053818 0.007626512 0.012218574 -0.008606741 0.007310922 -0.000177921 0.999936223
38810.281000 0.005163578 0.006475816 0.011550059 -0.008776220 0.006748236 0.000235751 0.999938726
38810.375000 0.007208070 0.005908567 0.010424574 -0.007644471 0.006345129 0.001729414 0.999949157
38810.453000 0.005434387 0.003642834 0.008866478 -0.007448268 0.006484277 0.003018632 0.999946713
38810.531000 0.007348656 0.004167901 0.009408925 -0.006275885 0.005593805 0.003815792 0.999957383
38810.625000 0.004210513 0.004099283 0.008215007 -0.005777606 0.004877386 0.003003090 0.999966919
38810.687000 0.004016711 0.002813574 0.007644050 -0.004902663 0.003766518 0.002665711 0.999977350
38810.781000 0.003112910 0.004404957 0.005753529 -0.004327146 0.002207426 0.002370815 0.999985456
38810.859000 0.003756404 0.003950106 0.004165423 -0.002874976 0.000947678 0.002558921 0.999992192
38810.953000 -0.000170161 0.002113484 0.002917782 -0.000019004 -0.002574990 0.003109288 0.999991894
38811.031000 0.002155637 0.000285708 0.002703034 0.000845244 -0.004268900 0.004883599 0.999978662
38811.109000 0.001761399 -0.003099888 0.002312904 0.001038041 -0.004917236 0.006925883 0.999963403
38811.203000 0.004259680 -0.000440878 0.002175247 0.000809977 -0.005107499 0.008253365 0.999952555
38811.281000 0.009165893 0.000598842 0.006090026 -0.001250335 -0.000115802 0.004452745 0.999989331
38811.359000 0.009015022 -0.004957790 0.007656073 -0.002088420 0.005726323 0.003946158 0.999973655
38811.453000 0.011140253 -0.004211040 0.011093195 -0.000739994 0.006702139 0.005528334 0.999961972
38811.531000 0.018061578 -0.005088601 0.016580673 -0.002447937 0.005150920 0.009062448 0.999942720
38811.609000 0.035168160 -0.008651343 0.027239015 -0.005243814 0.000544508 0.020391546 0.999778152
38811.687000 0.038707744 -0.008227633 0.032627720 -0.014881300 -0.002268018 0.029057639 0.999464393
38811.781000 0.046609156 -0.013361553 0.037903123 -0.024522621 -0.006509077 0.032649871 0.999144793
38811.859000 0.050249238 -0.018351184 0.041393578 -0.026048675 -0.006299931 0.030177301 0.999185264
38811.953000 0.055361718 -0.017821560 0.058330365 -0.033968460 0.003567128 0.005495394 0.999401450
38812.031000 0.057946321 -0.019041726 0.067412198 -0.038854081 0.012884084 0.001370378 0.999160945
38812.109000 0.062658839 -0.022679187 0.073835164 -0.044517498 0.019279912 0.002920181 0.998818338
38812.203000 0.064371228 -0.026837351 0.082403682 -0.040577754 0.027341539 0.004561820 0.998791873
38812.281000 0.078537278 -0.030293597 0.100109488 -0.039467037 0.050855990 0.012442866 0.997848272
38812.375000 0.081782609 -0.028511805 0.114176430 -0.036852907 0.069454238 0.012547858 0.996825278
38812.453000 0.088497952 -0.032871339 0.121546239 -0.038476769 0.088340230 0.012467078 0.995268881
38812.546000 0.090833940 -0.034080002 0.149003565 -0.038297188 0.116391748 0.014760709 0.992354989
38812.656000 0.094365269 -0.037806995 0.160017684 -0.036433890 0.119728938 0.020698979 0.991921902
38812.734000 0.094570197 -0.039156187 0.173847049 -0.039412145 0.119675532 0.019613633 0.991836607
38812.812000 0.095902093 -0.044102259 0.195803136 -0.030500205 0.125495061 0.021873321 0.991384029
38812.906000 0.092228793 -0.046828996 0.206415415 -0.026412696 0.130826995 0.025290623 0.990730584
38812.984000 0.102813073 -0.052778624 0.217106223 -0.014725685 0.135108933 0.020877915 0.990501344
38813.078000 0.104683489 -0.058102593 0.242044002 -0.008059074 0.140563354 0.028791703 0.989620209
38813.156000 0.107109986 -0.062344152 0.253221840 0.000060093 0.141834185 0.025536837 0.989561081
38813.234000 0.107884720 -0.065989420 0.265548378 0.002949416 0.141817465 0.024295030 0.989590287
38813.312000 0.110738166 -0.067746364 0.283304483 0.003845976 0.141193733 0.021670880 0.989737332
38813.390000 0.108159073 -0.072557069 0.302415729 -0.001153996 0.139680952 0.014287880 0.990092814
38813.468000 0.113573283 -0.077755153 0.337663800 -0.002893358 0.146564007 0.007508670 0.989168525
38813.562000 0.116545551 -0.078204088 0.355681598 -0.001924751 0.154991239 0.007169362 0.987887979
38813.640000 0.114491403 -0.080317132 0.369836450 0.000251275 0.160108656 0.007139552 0.987073600
38813.734000 0.118631601 -0.077865399 0.386763185 0.008521017 0.164044425 0.008152763 0.986382484
38813.812000 0.129371867 -0.077233948 0.425206244 0.006810748 0.157944173 0.018586218 0.987249613
38813.906000 0.137349397 -0.078076951 0.445861399 0.013709741 0.155100167 0.019645832 0.987608254
38813.984000 0.144966051 -0.079234958 0.465263665 0.017946819 0.142552346 0.021117944 0.989399195
38814.062000 0.152249545 -0.080748118 0.487331212 0.020554796 0.137165964 0.022158626 0.990086854
38814.140000 0.170403928 -0.085643254 0.528167844 0.016163139 0.128946021 0.023944184 0.991230786
38814.218000 0.179431841 -0.086868510 0.550295651 0.016260844 0.126025394 0.017287606 0.991743088
38814.312000 0.187464327 -0.084698297 0.570164680 0.011924699 0.119404383 0.019870756 0.992575228
38814.390000 0.194660038 -0.085282683 0.586498618 0.009103784 0.114012100 0.023311580 0.993164122
38814.468000 0.213553101 -0.079799660 0.617721438 0.002671716 0.112856664 0.025586758 0.993278205
38814.562000 0.217755511 -0.081674121 0.633905351 -0.006480461 0.109669738 0.027035048 0.993579209
38814.640000 0.224156693 -0.082808964 0.646302462 -0.007601831 0.107948899 0.030359700 0.993663728
38814.718000 0.232445717 -0.083524108 0.658659399 -0.004374739 0.108168028 0.032700662 0.993585050
38814.796000 0.238607481 -0.081925675 0.671739459 -0.006089712 0.109393284 0.037159514 0.993285060
38814.875000 0.246509939 -0.081594743 0.693627954 -0.003861052 0.112587020 0.036000140 0.992982030
38814.953000 0.250532717 -0.081132472 0.705334187 -0.003770202 0.112399533 0.035837606 0.993009508
38815.031000 0.252461225 -0.078764014 0.717279911 -0.002528776 0.114280365 0.035885539 0.992797077
38815.109000 0.251652151 -0.077624954 0.728526235 -0.000338522 0.116573617 0.034427725 0.992585182
38815.203000 0.255598515 -0.078342922 0.740518689 0.001166577 0.115435824 0.033361334 0.992753923
38815.281000 0.254917741 -0.080463924 0.768514037 -0.001421267 0.111531474 0.038193371 0.993025720
38815.359000 0.256160736 -0.082940519 0.782065988 -0.002939625 0.111127757 0.037675057 0.993087471
38815.437000 0.255461514 -0.083850317 0.795838773 -0.002430688 0.113125473 0.035695553 0.992936373
38815.531000 0.259620607 -0.086593024 0.806753516 -0.000420618 0.115784757 0.034819763 0.992663801
38815.609000 0.261900365 -0.092358813 0.834250093 0.001615837 0.121563450 0.038268130 0.991844416
38815.687000 0.264391392 -0.093934864 0.848531067 0.006173506 0.125116423 0.035832398 0.991475582
38815.765000 0.266899943 -0.093905047 0.864613831 0.007538771 0.127455160 0.035133138 0.991193235
38815.843000 0.267745405 -0.096826635 0.878638268 0.008051174 0.125000298 0.033874765 0.991545618
38815.921000 0.266383648 -0.099080779 0.891439080 0.012746229 0.121215679 0.031736977 0.992036819
38816.000000 0.268726617 -0.099899396 0.919192195 0.016276253 0.121713370 0.030219868 0.991971672
38816.078000 0.269905359 -0.099761538 0.934535563 0.017078390 0.119411632 0.028546272 0.992287397
38816.156000 0.273475200 -0.098310344 0.947693408 0.020211441 0.119439602 0.027200852 0.992263019
38816.250000 0.276981920 -0.096062481 0.964142799 0.019443166 0.121226110 0.030324360 0.991971076
38816.343000 0.280785501 -0.094599843 0.978236198 0.019081919 0.125649929 0.029678825 0.991447031
38816.421000 0.289287865 -0.092981488 1.006417036 0.018688196 0.131023780 0.035036270 0.990583718
38816.500000 0.290869743 -0.093556449 1.024362445 0.013821691 0.128890708 0.033424433 0.990999043
38816.578000 0.297733277 -0.096616201 1.035665989 0.015028656 0.126489520 0.031515170 0.991353273
38816.671000 0.301411420 -0.099410497 1.054213047 0.020981573 0.129150867 0.034410641 0.990805626
38816.781000 0.312767595 -0.099083111 1.090378642 0.025687195 0.126129881 0.041450869 0.990814507
38816.859000 0.324303478 -0.094254434 1.113397121 0.030815413 0.128494009 0.038167838 0.990496337
38816.937000 0.342347980 -0.093343385 1.149979234 0.034341507 0.121547990 0.039766043 0.991193950
38817.015000 0.351955503 -0.096166320 1.169776201 0.031849351 0.118187778 0.042014524 0.991590738
38817.109000 0.361983627 -0.096114278 1.187347174 0.030802231 0.117231175 0.039718755 0.991831958
38817.187000 0.369093955 -0.097403422 1.202157378 0.032753203 0.115581796 0.037423503 0.992052197
38817.281000 0.387771726 -0.095757976 1.228649735 0.037744537 0.118902311 0.038744677 0.991431534
38817.359000 0.395756423 -0.091504596 1.243254423 0.032417864 0.126874089 0.037501581 0.990679443
38817.453000 0.403065532 -0.089773908 1.259019375 0.024927793 0.126582414 0.039995912 0.990835965
38817.531000 0.409566760 -0.091752008 1.270702720 0.027206969 0.128146186 0.037778404 0.990662038
38817.625000 0.420217574 -0.089248009 1.299422741 0.027084630 0.132227376 0.041145235 0.989994645
38817.703000 0.423539132 -0.087764211 1.318135142 0.024568811 0.131267309 0.039523765 0.990254104
38817.781000 0.423735678 -0.087794095 1.336761355 0.024612373 0.133626580 0.040635195 0.989892483
38817.875000 0.429875165 -0.087576479 1.359714866 0.026410718 0.135272518 0.041952383 0.989567518
38817.953000 0.432750374 -0.094078191 1.404603124 0.031738549 0.132982224 0.040530942 0.989780605
38818.031000 0.433322698 -0.097073182 1.429173589 0.027913239 0.123152651 0.038281985 0.991256177
38818.125000 0.435537547 -0.099478789 1.451028466 0.035223827 0.120181300 0.036733493 0.991446674
38818.203000 0.440041423 -0.107114054 1.504387975 0.029885128 0.117252864 0.037963275 0.991926134
38818.281000 0.441550016 -0.110244602 1.527969003 0.031610422 0.114780813 0.037646916 0.992173791
38818.359000 0.442724556 -0.113409996 1.551713943 0.036116470 0.113736175 0.041316833 0.991994262
38818.437000 0.442185014 -0.115872957 1.574038744 0.035230402 0.113375448 0.044965114 0.991908789
38818.531000 0.442455530 -0.116359308 1.595806837 0.041558839 0.113551870 0.044483300 0.991665304
38818.625000 0.442528248 -0.117484175 1.636377096 0.051902767 0.117014930 0.044818502 0.990759790
38818.718000 0.446321189 -0.117262974 1.656695962 0.055552956 0.121468343 0.040614311 0.990207016
38818.796000 0.449921459 -0.117070533 1.693267941 0.052817829 0.129988179 0.033748172 0.989532471
38818.875000 0.450299323 -0.117022775 1.712249517 0.044484947 0.134659290 0.027899181 0.989499688
38818.953000 0.455219388 -0.115581892 1.731680393 0.040250715 0.134522125 0.025390282 0.989767134
38819.031000 0.458609313 -0.112425588 1.753262520 0.045614470 0.147240222 0.016816204 0.987905324
38819.140000 0.457508743 -0.105043560 1.778425932 0.036253914 0.146948457 0.011605550 0.988411427
38819.218000 0.474907249 -0.100507401 1.829287767 0.034039158 0.139721066 0.010726061 0.989547551
38819.296000 0.482476413 -0.098524660 1.857296467 0.037003029 0.137049809 0.013108870 0.989785969
38819.390000 0.493728727 -0.096221529 1.885775089 0.042737529 0.134178862 0.015177460 0.989918828
38819.484000 0.520095766 -0.089821786 1.949476242 0.026733650 0.130572528 0.020733833 0.990861356
38819.562000 0.535208702 -0.081987150 1.982882857 0.026392611 0.132853583 0.015386907 0.990664721
38819.640000 0.540308714 -0.097190194 1.998548031 0.031147730 0.128983155 0.011806205 0.991087198
38819.734000 0.559222758 -0.096381843 2.038279057 0.023671620 0.111422516 0.015980601 0.993362606
38819.828000 0.569137514 -0.096136205 2.049470186 0.029291060 0.111056715 0.012712696 0.993300974
38819.906000 0.568559945 -0.093157545 2.067092419 0.029493880 0.109055005 0.005463504 0.993583083
38819.984000 0.572929502 -0.091953881 2.086004257 0.022412121 0.102728128 0.005852712 0.994439721
38820.078000 0.583167195 -0.092802607 2.120697498 0.010269105 0.096931264 0.012763383 0.995156288
38820.187000 0.590170622 -0.090037219 2.146033764 0.004576017 0.098196208 0.011677937 0.995088041
38820.265000 0.593853712 -0.082019165 2.195697308 0.004426379 0.102015167 0.002402122 0.994770110
38820.343000 0.594524026 -0.083838999 2.213703156 0.000906041 0.104768276 0.000243481 0.994496226
38820.421000 0.596759856 -0.081660517 2.238921881 -0.002744210 0.102452837 -0.001253877 0.994733393
38820.500000 0.598004758 -0.082794756 2.263781786 -0.003152703 0.102569759 -0.001233378 0.994720042
38820.578000 0.599953353 -0.080839001 2.292348146 -0.009547015 0.102663651 -0.002553560 0.994667053
38820.671000 0.599806309 -0.085123122 2.319254875 -0.008931157 0.104013622 0.000615226 0.994535625
38820.750000 0.607530951 -0.094320148 2.376570940 -0.011352610 0.108131833 0.006460799 0.994050741
38820.828000 0.611244082 -0.097432368 2.404938698 -0.010554514 0.111332081 0.007961849 0.993695319
38820.921000 0.614549577 -0.101403259 2.435909271 -0.013683777 0.113679878 0.012020821 0.993350446
38821.000000 0.618127823 -0.102259383 2.493908405 -0.015997201 0.122612394 0.011930821 0.992253959
38821.093000 0.616897762 -0.101840161 2.521481037 -0.016178805 0.124118909 0.009632088 0.992088735
38821.171000 0.617729723 -0.098406769 2.546665192 -0.014975843 0.129049674 0.004975993 0.991512537
38821.250000 0.616895199 -0.101498388 2.564991713 -0.006846615 0.135678843 0.004316730 0.990719795
38821.328000 0.625778079 -0.094590224 2.614866257 -0.013467119 0.141932860 0.006059705 0.989766121
38821.421000 0.626110435 -0.100467443 2.635771990 -0.028927207 0.142863229 0.006027652 0.989301324
38821.500000 0.631372273 -0.102000937 2.652586460 -0.039390378 0.141926885 0.019106932 0.988908529
38821.578000 0.635368824 -0.103742257 2.685046673 -0.046031650 0.145595998 0.013529592 0.988180041
38821.656000 0.640329778 -0.099165164 2.707117558 -0.048506327 0.144111320 0.008419785 0.988336086
38821.750000 0.649515688 -0.094947293 2.759131193 -0.048135873 0.150310218 0.000010913 0.987466335
38821.828000 0.659070194 -0.099079862 2.788319111 -0.049873095 0.156779632 0.006824017 0.986350000
38821.906000 0.662951827 -0.108765580 2.814113140 -0.064458683 0.141239464 0.012507916 0.987795532
38822.000000 0.675413668 -0.117910869 2.838328123 -0.075285360 0.143224552 0.011551191 0.986755013
38822.078000 0.688929319 -0.129117951 2.902940750 -0.111263134 0.139514759 0.009069866 0.983907461
38822.156000 0.692667067 -0.135513738 2.921055794 -0.114888243 0.146054700 0.002462880 0.982579648
38822.234000 0.706219554 -0.132090554 2.950039148 -0.089689821 0.148132518 0.013666702 0.984797299
38822.328000 0.716045022 -0.137443289 2.973070621 -0.062366907 0.149187014 0.034505751 0.986236751
38822.390000 0.723716497 -0.140753314 3.013168335 -0.059476987 0.142515272 0.019933699 0.987802923
38822.468000 0.727792144 -0.143014297 3.031255722 -0.061495144 0.125087664 0.029019712 0.989812791
38822.546000 0.731442511 -0.145828709 3.047285080 -0.055021584 0.119981065 0.027155964 0.990878284
38822.640000 0.737996757 -0.143594041 3.065732956 -0.046757169 0.126614600 0.024475703 0.990547061
38822.718000 0.738289416 -0.143460825 3.087531567 -0.044048015 0.125441030 0.026976202 0.990755558
38822.812000 0.746531248 -0.148085669 3.133492708 -0.043047048 0.125118464 0.027603278 0.990823090
38822.890000 0.748363376 -0.142670214 3.158429861 -0.037156686 0.122268304 0.022999378 0.991534591
38822.968000 0.748958528 -0.144168541 3.189422131 -0.032323062 0.115592033 0.022307726 0.992520094
38823.046000 0.753290713 -0.145745710 3.218164206 -0.026249461 0.105441131 0.020889729 0.993859529
38823.125000 0.755586803 -0.151017278 3.272101879 -0.027149970 0.093187049 0.018659903 0.995103478
38823.218000 0.765992582 -0.157046780 3.310553551 -0.023591185 0.088542581 0.012509756 0.995714426
38823.296000 0.767902195 -0.152076066 3.340100050 -0.015569394 0.088811874 0.009614740 0.995880306
38823.375000 0.774145901 -0.153601721 3.367121220 -0.015732180 0.087802738 0.011892175 0.995942652
38823.453000 0.777241468 -0.157454804 3.389515400 -0.014437546 0.094791375 0.013834064 0.995296359
38823.531000 0.787388861 -0.159064934 3.443986654 -0.014419270 0.092561305 0.023147533 0.995333493
38823.593000 0.792491317 -0.162403122 3.463332891 -0.010221323 0.097431116 0.027020706 0.994822919
38823.703000 0.799584389 -0.162056699 3.487224817 -0.000076305 0.103786923 0.031989779 0.994084954
38823.796000 0.803803623 -0.162628055 3.506685972 0.005783067 0.098919414 0.040887456 0.994238257
38823.875000 0.817337394 -0.168588400 3.554829836 -0.000609496 0.089920506 0.047786430 0.994801700
38823.953000 0.820936739 -0.162167519 3.579792261 -0.010604089 0.081575260 0.050404266 0.995335340
38824.031000 0.828918934 -0.154004157 3.610109568 -0.018325845 0.081262402 0.057088949 0.994887650
38824.125000 0.832706869 -0.155374736 3.642567635 -0.022521462 0.077421248 0.057807669 0.995066345
38824.203000 0.846873045 -0.155612603 3.697701216 -0.003906152 0.076346077 0.047970586 0.995919108
38824.281000 0.860599756 -0.154907808 3.725567102 0.007491948 0.071395241 0.045449909 0.996383965
38824.375000 0.867229819 -0.162141562 3.758783817 0.010013967 0.067253813 0.035054591 0.997069597
38824.453000 0.878989637 -0.161155492 3.792533159 0.001790796 0.068425067 0.026277972 0.997308493
38824.531000 0.906316578 -0.165493101 3.845448732 0.000348743 0.057982683 0.030083736 0.997864127
38824.609000 0.915025473 -0.160655081 3.865995646 0.000537055 0.062986858 0.027267454 0.997641683
38824.703000 0.926728368 -0.160871774 3.889343500 -0.000967315 0.060896941 0.028171137 0.997745991
38824.781000 0.927607656 -0.158402190 3.911585808 -0.003447569 0.063264385 0.029084804 0.997566938
38824.859000 0.938183069 -0.155620307 3.953574657 -0.010959632 0.056380894 0.030786613 0.997874379
38824.953000 0.947585046 -0.151876256 3.975134611 -0.012778929 0.052693684 0.032933969 0.997985721
38825.031000 0.953533769 -0.151639029 3.997189760 -0.013031714 0.052193832 0.036154848 0.997897267
38825.140000 0.955714583 -0.149206460 4.023486614 -0.017588502 0.049997650 0.036927171 0.997911453
38825.218000 0.962692022 -0.147115827 4.080945492 -0.012951999 0.050663270 0.033450119 0.998071432
38825.296000 0.965180039 -0.145680815 4.113787174 -0.009621000 0.053036802 0.031096341 0.998061895
38825.390000 0.970151842 -0.143755496 4.144556999 -0.006179754 0.053940117 0.028930666 0.998105884
38825.468000 0.979952455 -0.150177583 4.218697548 0.001647215 0.058979660 0.013562569 0.998165727
38825.546000 0.984296620 -0.147553414 4.257173538 -0.010852619 0.059301119 0.007082226 0.998156011
38825.640000 0.985334694 -0.150364950 4.294573307 -0.021052347 0.055671290 0.002024293 0.998225152
38825.734000 0.993290007 -0.156057760 4.325905800 -0.013373202 0.057723638 0.004964493 0.998230696
38825.828000 1.009143353 -0.154673710 4.382761002 -0.026023548 0.059425209 0.016573394 0.997755885
38825.937000 1.020616055 -0.162582487 4.408276081 -0.012268985 0.070672214 0.017130902 0.997277021
38826.015000 1.027272940 -0.161916822 4.446331501 -0.006182744 0.077795856 0.021468380 0.996718943
38826.093000 1.032482743 -0.163293019 4.469081879 -0.009491659 0.080662645 0.023386072 0.996421874
38826.187000 1.035738826 -0.164396301 4.488480568 -0.012043901 0.076440163 0.027164081 0.996631324
38826.265000 1.048649788 -0.160976574 4.529973984 -0.011739130 0.076914355 0.025978526 0.996630073
38826.359000 1.055089474 -0.159003556 4.548460007 -0.013197426 0.077045403 0.025332676 0.996618330
38826.453000 1.060776472 -0.156779647 4.570131302 -0.014968012 0.073466226 0.025273843 0.996865034
38826.531000 1.068031788 -0.156517982 4.616962433 -0.015487663 0.064956784 0.026570663 0.997414052
38826.625000 1.071178555 -0.154369384 4.635518551 -0.008015917 0.060814314 0.026570391 0.997763216
38826.718000 1.082955956 -0.156704336 4.665494919 -0.002343033 0.061140124 0.022756385 0.997867048
38826.828000 1.095904231 -0.163511246 4.716797352 -0.005858788 0.055778544 0.022585478 0.998170495
38826.921000 1.103662491 -0.166791245 4.738225460 -0.003962879 0.054875284 0.022799328 0.998225033
38827.000000 1.118573666 -0.168882579 4.786208153 -0.011482192 0.046728339 0.022374947 0.998591006
38827.093000 1.125351071 -0.166325942 4.805033684 -0.010512421 0.039856061 0.025053676 0.998835981
38827.187000 1.131599784 -0.168282017 4.820010662 -0.009239495 0.032925695 0.024802461 0.999107301
38827.265000 1.136212587 -0.167941988 4.839204311 -0.002484417 0.030391239 0.022162773 0.999289274
38827.328000 1.135456681 -0.164652899 4.872300148 -0.007611909 0.026482586 0.018780192 0.999443889
38827.421000 1.137987256 -0.162799537 4.888670444 -0.014250247 0.018982878 0.019410223 0.999529779
38827.500000 1.138528228 -0.168535933 4.902892590 -0.012828306 0.015695132 0.019282719 0.999608576
38827.578000 1.139759064 -0.163705990 4.916350365 -0.009688171 0.014651644 0.019620245 0.999653220
38827.656000 1.136516094 -0.168781161 4.949697971 -0.014450175 0.011180922 0.019032096 0.999651968
38827.734000 1.138773918 -0.162631541 4.965852261 -0.011060856 0.013469120 0.017300902 0.999698400
38827.828000 1.140935540 -0.167831078 4.987944603 -0.011156659 0.014724431 0.020456800 0.999620080
38827.921000 1.140322566 -0.164302379 5.005296230 -0.009363563 0.018855589 0.021044834 0.999556899
38828.000000 1.143295646 -0.164532110 5.050217152 -0.007200740 0.024808286 0.016588377 0.999528646
38828.078000 1.144347548 -0.163772538 5.073029995 -0.014577995 0.021065516 0.014307195 0.999569416
38828.171000 1.143162727 -0.172445655 5.095873833 -0.004127171 0.026517292 0.012673105 0.999559581
38828.250000 1.142066717 -0.172408953 5.121795654 -0.008284105 0.024166008 0.013151216 0.999587119
38828.328000 1.142741203 -0.176285699 5.159454823 -0.013152217 0.018846758 0.011444665 0.999670386
38828.406000 1.147027731 -0.181369752 5.174518108 -0.012557522 0.013430782 0.013064471 0.999745607
38828.484000 1.147542357 -0.181857824 5.193815231 -0.013511271 0.008903701 0.014209536 0.999768138
38828.562000 1.148827314 -0.180096820 5.207164288 -0.012427457 0.003675992 0.014354247 0.999813020
38828.656000 1.147443056 -0.184051231 5.221957684 -0.013285411 0.000370298 0.014836045 0.999801636
38828.718000 1.144031525 -0.182426944 5.249302864 -0.016575638 -0.006540942 0.012549068 0.999762475
38828.796000 1.140856981 -0.178422645 5.262994766 -0.020530930 -0.009072351 0.012650200 0.999668002
38828.890000 1.144293427 -0.176472768 5.277204990 -0.021223389 -0.009961153 0.014324929 0.999622524
38828.968000 1.144296408 -0.175603628 5.289777756 -0.018871633 -0.007114546 0.014013062 0.999698460
38829.046000 1.145817280 -0.174064979 5.300415039 -0.020687310 -0.003557338 0.016551938 0.999642670
38829.125000 1.147655129 -0.173630834 5.309054852 -0.020792345 -0.000921156 0.017775306 0.999625444
38829.218000 1.153247118 -0.176697060 5.324639797 -0.010287807 0.010747078 0.019156916 0.999705791
38829.296000 1.160297275 -0.176994309 5.332119465 -0.012975505 0.013418843 0.019940667 0.999626935
38829.375000 1.159174681 -0.178417265 5.341650009 -0.014613585 0.018505754 0.022694118 0.999464333
38829.468000 1.167189598 -0.180783957 5.349704742 -0.013323118 0.021232476 0.023538806 0.999408662
38829.546000 1.173774362 -0.176631764 5.374494076 -0.012879228 0.029197507 0.025991552 0.999152720
38829.625000 1.180525541 -0.176483646 5.389721394 -0.014121318 0.029994695 0.025413824 0.999127150
38829.703000 1.185019612 -0.175521895 5.403615475 -0.012455067 0.031578567 0.022699425 0.999165893
38829.781000 1.191613555 -0.174557552 5.423604012 -0.014240704 0.031185484 0.023134414 0.999144435
38829.859000 1.194991112 -0.172400966 5.442235947 -0.013698287 0.031298809 0.022947406 0.999152720
38829.937000 1.209371567 -0.169431001 5.488085747 -0.011309739 0.027658740 0.021066591 0.999331415
38830.015000 1.222613335 -0.173625469 5.511276245 -0.002870247 0.025380166 0.020465741 0.999464273
38830.093000 1.224423647 -0.173771769 5.532248497 -0.001573223 0.029637754 0.015685173 0.999436438
38830.171000 1.232745290 -0.175979927 5.554007530 0.001269209 0.031854481 0.016298391 0.999358833
38830.250000 1.244044185 -0.182319582 5.573390961 -0.001513578 0.032317095 0.011947383 0.999405146
38830.328000 1.266746163 -0.195667729 5.609615326 0.015312209 0.035773683 0.013708021 0.999148607
38830.406000 1.275322676 -0.197389752 5.625917435 0.017413862 0.040069342 0.015327742 0.998927593
38830.484000 1.282977700 -0.201540947 5.641642570 0.013255321 0.041123398 0.012597064 0.998986721
38830.578000 1.292292237 -0.198690295 5.656873703 0.020075461 0.040852670 0.009098318 0.998922110
38830.656000 1.297320485 -0.200879946 5.665769577 0.025227793 0.040942702 0.006604297 0.998821139
38830.734000 1.303122878 -0.194668412 5.689257145 0.026264371 0.041121706 0.006839730 0.998785496
38830.812000 1.307179928 -0.193685785 5.703728199 0.021428687 0.042754699 0.006917459 0.998831809
38830.906000 1.312591791 -0.196391225 5.713636875 0.021460721 0.038379706 0.010651731 0.998975992
38830.984000 1.311573505 -0.196600080 5.728391647 0.025750183 0.043139528 0.013442595 0.998646677
38831.062000 1.313530445 -0.193525165 5.757222176 0.010091341 0.043324072 0.015987797 0.998882174
38831.156000 1.315060377 -0.193692133 5.772497177 0.011435122 0.047025323 0.014309363 0.998725772
38831.250000 1.318830132 -0.193205968 5.789304256 0.008460572 0.047931798 0.016184153 0.998683691
38831.328000 1.318396568 -0.190424159 5.809278965 0.005099880 0.049994111 0.014979413 0.998624146
38831.406000 1.322967887 -0.190989390 5.846031189 0.004617103 0.049674783 0.015681744 0.998631716
38831.484000 1.326344252 -0.193002969 5.865459442 0.006251412 0.050840717 0.018704118 0.998512089
38831.562000 1.334659576 -0.191342920 5.882653236 0.008669058 0.050122876 0.022144325 0.998459935
38831.640000 1.331429601 -0.191353336 5.908000469 0.009924490 0.055309378 0.025690509 0.998089373
38831.734000 1.338814497 -0.201680809 5.948052406 0.005496528 0.059244446 0.029440537 0.997794151
38831.828000 1.342967033 -0.203874871 5.969970703 0.006505146 0.065573514 0.031313080 0.997335136
38831.906000 1.348543167 -0.205223218 5.989460468 0.004950032 0.067737296 0.033835072 0.997117043
38832.000000 1.349782944 -0.207148120 6.010297775 0.008344899 0.073334195 0.036012933 0.996622086
38832.078000 1.356519222 -0.210739464 6.046076775 0.012967166 0.076513924 0.038591597 0.996236980
38832.156000 1.357956409 -0.209530488 6.066064835 0.012371951 0.079838730 0.037317790 0.996032178
38832.234000 1.360764742 -0.213019297 6.084144592 0.011494690 0.080278851 0.038881365 0.995947480
38832.312000 1.364212751 -0.212172866 6.102552891 0.014962916 0.082400464 0.037949424 0.995764077
38832.390000 1.367921114 -0.213161856 6.133900166 0.019182138 0.092627116 0.038023476 0.994789720
38832.484000 1.368903637 -0.212168917 6.146701336 0.022989016 0.097416788 0.038430471 0.994235694
38832.562000 1.374962687 -0.213785976 6.161287308 0.022469705 0.102903888 0.034823403 0.993827581
38832.640000 1.373268843 -0.215859011 6.175919056 0.017628387 0.104492098 0.037299007 0.993669689
38832.734000 1.382772326 -0.215791672 6.192201614 0.012500611 0.102867708 0.040599417 0.993787527
38832.812000 1.386054039 -0.211682081 6.222009659 0.004745151 0.105563931 0.035320252 0.993773758
38832.890000 1.392493367 -0.207464159 6.239840508 0.006501039 0.103612281 0.034538623 0.993996620
38832.984000 1.398465037 -0.206852570 6.258002281 0.006403313 0.100767337 0.033413630 0.994328141
38833.062000 1.407327414 -0.203814909 6.300340176 0.005381559 0.098111726 0.033130247 0.994609237
38833.156000 1.415027738 -0.198573813 6.321542740 0.004870296 0.093710430 0.035680018 0.994948030
38833.234000 1.420964122 -0.201315850 6.343339443 0.002736275 0.092165463 0.035442740 0.995108962
38833.328000 1.430631638 -0.197711974 6.370966434 -0.002455869 0.092470966 0.033786364 0.995139003
38833.437000 1.446123004 -0.203458175 6.414816856 -0.004524769 0.093211770 0.032473188 0.995106339
38833.531000 1.450088263 -0.205665559 6.437967300 -0.014962732 0.095328815 0.032390665 0.994806230
38833.609000 1.462934613 -0.205715060 6.474941730 -0.011524388 0.094396636 0.030439137 0.995002508
38833.703000 1.469340324 -0.209873512 6.492465973 -0.011102194 0.092134126 0.031665493 0.995181084
38833.812000 1.473395228 -0.210996300 6.508635998 -0.006968687 0.093986169 0.032182656 0.995028794
38833.875000 1.479232073 -0.213331357 6.539962769 -0.003691684 0.092454895 0.031778395 0.995202839
38833.984000 1.484548092 -0.209593058 6.552608013 -0.004479453 0.090287343 0.030018564 0.995453179
38834.062000 1.486513615 -0.208671048 6.567064285 -0.003415670 0.089303203 0.030605914 0.995528340
38834.156000 1.486468196 -0.208894148 6.593054771 -0.006947584 0.090386368 0.029696651 0.995439708
38834.234000 1.487956882 -0.208831280 6.610856533 -0.007771062 0.091317207 0.029577237 0.995352209
38834.328000 1.488329649 -0.208585560 6.623247147 -0.008678775 0.091171078 0.027325343 0.995422423
38834.421000 1.489638805 -0.206761956 6.652129650 -0.010173799 0.092180192 0.031454865 0.995193422
38834.500000 1.489681244 -0.205481380 6.673060417 -0.010776112 0.093554296 0.032133512 0.995037138
38834.578000 1.487632871 -0.204067633 6.688922405 -0.013921064 0.093459532 0.031331327 0.995032609
38834.671000 1.490585089 -0.203193143 6.730921268 -0.012043309 0.096845984 0.029611373 0.994785905
38834.750000 1.489999294 -0.204828158 6.750846863 -0.009717127 0.096092060 0.030014383 0.994872391
38834.828000 1.490444660 -0.203354239 6.774723053 -0.014995296 0.092739865 0.031313419 0.995084941
38834.921000 1.491936326 -0.204207808 6.793146610 -0.010324310 0.092512637 0.029342361 0.995225549
38835.000000 1.490827560 -0.213622779 6.843434334 -0.018418053 0.090195544 0.031666104 0.995250106
38835.078000 1.495179057 -0.215802804 6.868215084 -0.015702670 0.091977149 0.030517366 0.995169520
38835.156000 1.494569063 -0.210992873 6.883707523 -0.014461084 0.091905832 0.031248983 0.995172203
38835.250000 1.498314857 -0.219792515 6.907805443 -0.016353495 0.092786714 0.033049390 0.995002985
38835.375000 1.504854679 -0.224282414 6.950804234 -0.012939343 0.092172489 0.031322762 0.995166183
38835.453000 1.507784963 -0.212961733 6.960828781 -0.009872575 0.092671193 0.032438662 0.995119274
38835.531000 1.509357095 -0.214691043 7.000690937 -0.008110861 0.097025409 0.035457224 0.994617045
38835.609000 1.510789156 -0.215481207 7.014853954 -0.010106752 0.100217663 0.036207929 0.994255126
38835.703000 1.518047571 -0.214937747 7.034936905 -0.012519175 0.103732221 0.037812527 0.993807435
38835.781000 1.516509891 -0.213424087 7.052041531 -0.016525667 0.107562229 0.039202642 0.993287683
38835.859000 1.530019403 -0.212727696 7.082578182 -0.020823883 0.113532670 0.040253580 0.992500067
38835.937000 1.531346440 -0.215793774 7.104807854 -0.023940934 0.115867183 0.040940221 0.992131829
38836.015000 1.537333965 -0.215895683 7.126657963 -0.024758179 0.115382902 0.042343631 0.992109299
38836.093000 1.535913110 -0.210098356 7.148923874 -0.024496255 0.114624582 0.041428871 0.992242336
38836.187000 1.551980019 -0.216329545 7.163320065 -0.018310377 0.111282177 0.039805476 0.992822528
38836.265000 1.545991659 -0.219135582 7.203291893 -0.014037550 0.109353140 0.039029151 0.993137240
38836.359000 1.559162021 -0.218543634 7.256441116 -0.012224139 0.102746427 0.036680732 0.993955910
38836.453000 1.558595419 -0.220603466 7.272846699 -0.012516662 0.104155399 0.032050867 0.993965685
38836.546000 1.573714733 -0.239269599 7.330760956 -0.017246207 0.103726335 0.029692642 0.994012952
38836.625000 1.581816912 -0.233834773 7.358154297 -0.012471842 0.106209204 0.029751390 0.993820369
38836.703000 1.582661271 -0.233775035 7.370085716 -0.012480361 0.106588483 0.030585047 0.993754387
38836.781000 1.589839220 -0.234614700 7.398755550 -0.015270080 0.108145334 0.029096313 0.993591905
38836.875000 1.598787904 -0.233326405 7.435671806 -0.013436620 0.105777360 0.027102139 0.993929625
38836.937000 1.602138996 -0.230770931 7.450476646 -0.012045969 0.103360705 0.025448242 0.994245350
38837.015000 1.603494167 -0.230175629 7.467167377 -0.009549443 0.102986991 0.021915615 0.994395435
38837.125000 1.606125832 -0.230506375 7.480727673 -0.011865182 0.103151709 0.021372613 0.994365215
38837.218000 1.611139178 -0.228190467 7.516022682 -0.019840250 0.101408578 0.026646324 0.994290054
38837.312000 1.610492945 -0.226249516 7.530023098 -0.019099656 0.100492567 0.026036499 0.994413674
38837.406000 1.611213207 -0.227279454 7.549561977 -0.020548716 0.099021204 0.024556160 0.994570076
38837.484000 1.608251572 -0.223960966 7.587522984 -0.023575610 0.097496569 0.023898192 0.994669557
38837.593000 1.605898023 -0.227999344 7.610264301 -0.023797346 0.099431828 0.024510559 0.994457781
38837.671000 1.603806496 -0.224106759 7.653202057 -0.019508338 0.104009993 0.023394559 0.994109690
38837.750000 1.601170659 -0.225916401 7.678099632 -0.015362675 0.107912004 0.019658040 0.993847370
38837.828000 1.598798513 -0.229222566 7.699721813 -0.013003868 0.109302260 0.019258091 0.993736923
38837.921000 1.595683217 -0.236067265 7.728282928 -0.016800549 0.111027524 0.016015906 0.993546247
38837.984000 1.597148299 -0.238288835 7.751952171 -0.011518962 0.112469040 0.016053658 0.993458748
38838.062000 1.592022300 -0.240886882 7.807427406 -0.016493289 0.116201438 0.019298572 0.992901206
38838.156000 1.585605264 -0.249080718 7.827169895 -0.012645976 0.117365755 0.018495703 0.992835999
38838.234000 1.587504625 -0.245263934 7.847732544 -0.006239534 0.120261841 0.019352729 0.992533982
38838.312000 1.585284352 -0.245423138 7.870353699 -0.008895922 0.124248162 0.023159878 0.991940975
38838.390000 1.581289649 -0.245877072 7.910782337 -0.015401383 0.136495054 0.028378023 0.990114450
38838.484000 1.575307727 -0.251092523 7.926056862 -0.021296427 0.141056791 0.029126696 0.989343762
38838.562000 1.573609233 -0.249539375 7.946439743 -0.024874849 0.139312640 0.027583530 0.989551604
38838.640000 1.572140336 -0.251388907 7.962136269 -0.024421439 0.140219167 0.023158394 0.989548326
38838.718000 1.570525885 -0.249575675 7.981282234 -0.026770927 0.140036628 0.019872671 0.989584804
38838.796000 1.567373633 -0.241796672 8.018541336 -0.031304240 0.141448870 0.017029274 0.989303946
38838.875000 1.568193793 -0.242397904 8.040957451 -0.032443941 0.141771138 0.016407328 0.989231646
38838.953000 1.568241239 -0.241455823 8.070165634 -0.032976061 0.139130950 0.017459005 0.989570796
38839.031000 1.568694472 -0.241404891 8.088984489 -0.027379043 0.136013120 0.018681934 0.990152419
38839.109000 1.573643088 -0.248166054 8.115218163 -0.018848706 0.135239452 0.020374015 0.990424156
38839.187000 1.577922583 -0.250551194 8.140205383 -0.014815635 0.136697054 0.019203423 0.990315974
38839.265000 1.592019916 -0.260631084 8.192978859 -0.008416147 0.136511177 0.016302703 0.990468681
38839.328000 1.600381732 -0.265214384 8.218502998 -0.007282947 0.134745136 0.022601055 0.990595758
38839.406000 1.608563304 -0.269516051 8.242444992 -0.006670611 0.135418937 0.023435134 0.990488768
38839.500000 1.616381884 -0.269049615 8.267015457 -0.003809032 0.135041788 0.027379651 0.990454257
38839.578000 1.619281650 -0.269982040 8.293982506 -0.004397747 0.133458823 0.025185166 0.990724564
38839.656000 1.625576854 -0.267897666 8.316410065 0.002037545 0.132569864 0.021983890 0.990927756
38839.734000 1.629021049 -0.266535431 8.350466728 -0.002897192 0.124991357 0.017878627 0.991992474
38839.812000 1.633383989 -0.271122575 8.375422478 -0.004695045 0.124347024 0.016860219 0.992084444
38839.890000 1.640067220 -0.269806862 8.390630722 -0.004350355 0.118660897 0.018274736 0.992757142
38839.968000 1.640205383 -0.269212216 8.405003548 -0.004479656 0.118131042 0.017989114 0.992824972
38840.046000 1.642758608 -0.268267244 8.425515175 -0.005802142 0.117423669 0.017098680 0.992917776
38840.125000 1.645626545 -0.264540434 8.459593773 -0.003668923 0.117185704 0.014631644 0.992995441
38840.203000 1.650003314 -0.268482685 8.480756760 -0.004608614 0.115539014 0.013230426 0.993204176
38840.281000 1.654363990 -0.269264817 8.504410744 -0.000026039 0.119008154 0.012963254 0.992808640
38840.343000 1.661171317 -0.270147800 8.527463913 0.001036384 0.122174762 0.012477144 0.992429614
38840.421000 1.663768768 -0.274100482 8.550450325 0.004536407 0.125840962 0.013368822 0.991949975
38840.515000 1.673219085 -0.278985620 8.575684547 0.008080038 0.129311845 0.012437698 0.991493046
38840.593000 1.683151126 -0.286676824 8.627086639 -0.001240225 0.128263980 0.016921090 0.991594911
38840.671000 1.687643051 -0.290502638 8.648389816 0.002760322 0.128251582 0.015504573 0.991616666
38840.734000 1.691336036 -0.295825183 8.677278519 0.005191318 0.128257304 0.012702514 0.991645992
38840.828000 1.692752123 -0.295713305 8.698058128 0.001309518 0.124947064 0.014124437 0.992062032
38840.906000 1.697660565 -0.297909111 8.716588020 0.000009843 0.122311249 0.011723772 0.992422581
38840.984000 1.697401404 -0.300410748 8.738210678 0.000964603 0.119879082 0.010198658 0.992735684
38841.062000 1.703953385 -0.300494432 8.777275085 -0.000397373 0.116902657 0.005994433 0.993125200
38841.140000 1.707214713 -0.297456115 8.793064117 0.004054103 0.119396329 0.000541312 0.992838264
38841.218000 1.709438443 -0.295036584 8.810287476 0.005874101 0.119794391 0.002082282 0.992779136
38841.296000 1.710576177 -0.294078827 8.827956200 -0.000558783 0.119436480 0.006026869 0.992823422
38841.390000 1.718893647 -0.291165888 8.844690323 -0.009002852 0.120074406 0.008955014 0.992683709
38841.468000 1.721951008 -0.289563268 8.870984077 -0.007695707 0.128690809 0.006052118 0.991636455
38841.562000 1.725877523 -0.289881200 8.887218475 -0.003892126 0.133973151 0.004889165 0.990965307
38841.656000 1.732481837 -0.287616163 8.903412819 -0.011633042 0.132647708 0.005568156 0.991079330
38841.734000 1.739519715 -0.288952261 8.932357788 -0.009305380 0.129561543 0.005524081 0.991512358
38841.812000 1.746242166 -0.287388802 8.946707726 -0.008757270 0.128677532 0.008146022 0.991614342
38841.890000 1.751818180 -0.288947046 8.965335846 -0.011364384 0.126103058 0.010385223 0.991897702
38841.968000 1.756818295 -0.289316297 8.981578827 -0.009728468 0.124321140 0.009725098 0.992146671
38842.062000 1.765015244 -0.288876355 8.997087479 -0.008115890 0.118583888 0.011076257 0.992849112
38842.140000 1.781183243 -0.292544633 9.039505005 -0.006189685 0.108937673 0.012924732 0.993945301
38842.203000 1.787350655 -0.291495472 9.061110497 -0.009406624 0.111042060 0.007952596 0.993739367
38842.296000 1.794654965 -0.291236728 9.079298019 -0.006821609 0.109600194 0.008423301 0.993916690
38842.375000 1.804279566 -0.288328022 9.102531433 -0.009698490 0.108637348 0.003317193 0.994028628
38842.453000 1.812240243 -0.292092234 9.117572784 -0.008760428 0.108106524 0.004265154 0.994091570
38842.531000 1.816960216 -0.289121896 9.137740135 -0.012436678 0.104550898 0.001088684 0.994441211
38842.593000 1.830710411 -0.284552157 9.172342300 -0.006146702 0.100092717 -0.005477589 0.994944096
38842.671000 1.836583853 -0.281460136 9.190294266 -0.006883329 0.098772421 -0.006817128 0.995062888
38842.781000 1.845695376 -0.280262947 9.209329605 -0.006582106 0.099980563 -0.006740403 0.994944811
38842.859000 1.856471062 -0.278972000 9.239555359 -0.012608569 0.100824855 -0.004661616 0.994813383
38842.937000 1.863263965 -0.275982589 9.260827065 -0.014387256 0.102477394 -0.000478235 0.994631171
38843.031000 1.869774103 -0.280265123 9.273839951 -0.016473310 0.102300517 0.002844231 0.994613051
38843.109000 1.875417829 -0.280077934 9.293261528 -0.015872866 0.103263460 0.006397934 0.994506836
38843.187000 1.880029202 -0.278037041 9.310894966 -0.017374074 0.103067972 0.008454552 0.994486630
38843.265000 1.886959672 -0.282132745 9.346373558 -0.013325697 0.102462552 0.009216140 0.994604945
38843.343000 1.895575285 -0.281515986 9.360378265 -0.008566416 0.101261355 0.009185885 0.994780600
38843.437000 1.898248434 -0.287166029 9.380167007 -0.006618219 0.102512002 0.010579137 0.994653463
38843.531000 1.907707691 -0.285416245 9.402002335 -0.009477658 0.100891426 0.012386237 0.994775176
38843.593000 1.925536752 -0.288485438 9.437987328 -0.001066462 0.100166127 0.001951523 0.994968235
38843.687000 1.932070255 -0.292579949 9.465037346 -0.008050051 0.099057116 0.004732326 0.995037973
38843.765000 1.939744115 -0.297674656 9.483968735 -0.011373383 0.093611218 0.004734172 0.995532632
38843.859000 1.945975065 -0.305339873 9.504290581 -0.003779341 0.092830710 0.000265230 0.995674729
38843.937000 1.952085972 -0.303034753 9.540134430 -0.003186116 0.087784395 0.000891349 0.996133983
38844.015000 1.959316134 -0.306116074 9.563673019 -0.003659886 0.085378006 0.001228748 0.996341169
38844.093000 1.963079453 -0.303446054 9.577372551 -0.005025561 0.084898733 0.003257908 0.996371567
38844.171000 1.965158939 -0.301171929 9.589073181 -0.008297534 0.084024549 0.003891042 0.996421576
38844.265000 1.969783425 -0.304547936 9.606639862 -0.006724111 0.086381719 0.004248815 0.996230423
38844.343000 1.976301551 -0.302630514 9.632855415 -0.010594655 0.085017450 0.008189224 0.996289492
38844.421000 1.979846954 -0.304566234 9.646376610 -0.013712199 0.084035955 0.010785606 0.996310055
38844.500000 1.985745907 -0.304810584 9.663960457 -0.012624798 0.081675865 0.011584122 0.996511698
38844.593000 1.991051078 -0.304750592 9.678192139 -0.011844173 0.079570964 0.010741273 0.996700943
38844.671000 1.997923255 -0.302444845 9.714153290 -0.019087423 0.072053969 0.012650899 0.997137845
38844.734000 2.001593351 -0.299815267 9.733790398 -0.019709622 0.067380741 0.011958222 0.997460961
38844.812000 2.003953934 -0.298542529 9.748851776 -0.018920541 0.059643745 0.011180912 0.997977793
38844.890000 2.011701345 -0.300155491 9.770968437 -0.016752604 0.050457370 0.006786461 0.998562634
38844.968000 2.013561249 -0.291056454 9.795545578 -0.021917243 0.038218968 0.004724261 0.999017835
38845.046000 2.020012856 -0.286720246 9.810129166 -0.016530521 0.035783011 -0.001822950 0.999221206
38845.125000 2.030958652 -0.296941131 9.836628914 -0.014037361 0.033325341 -0.005261679 0.999332190
38845.203000 2.052985430 -0.307693213 9.875855446 -0.011117175 0.031202201 0.006964780 0.999427021
38845.281000 2.059919357 -0.310715437 9.900053978 -0.013719082 0.028218977 0.006766449 0.999484718
38845.375000 2.069862843 -0.313044071 9.915504456 -0.010700541 0.028840406 0.007179056 0.999500990
38845.453000 2.080490589 -0.310314715 9.935481071 -0.010603974 0.026697787 0.006776812 0.999564350
38845.531000 2.099220753 -0.309872597 9.972755432 -0.014128574 0.024869507 0.011439650 0.999525428
38845.609000 2.110158682 -0.304715812 9.991112709 -0.018742952 0.026958877 0.015195119 0.999345303
38845.687000 2.117502213 -0.299803436 10.005032539 -0.017406868 0.033698957 0.018928805 0.999101162
38845.750000 2.124212980 -0.301627845 10.023071289 -0.019301480 0.041515078 0.019824348 0.998754680
38845.828000 2.137052059 -0.302860886 10.039174080 -0.021756498 0.045716938 0.023640605 0.998437643
38845.921000 2.143325329 -0.301690966 10.054590225 -0.018829733 0.051968340 0.024046093 0.998181641
38846.000000 2.152531862 -0.299738139 10.066299438 -0.019326769 0.054954108 0.025404479 0.997978568
38846.078000 2.169064999 -0.306845069 10.095932007 -0.022119362 0.060400337 0.029599328 0.997490048
38846.156000 2.172877789 -0.307616502 10.115524292 -0.020030120 0.063339308 0.028493984 0.997384071
38846.234000 2.177779675 -0.311700463 10.132650375 -0.017698878 0.064570732 0.030868268 0.997278571
38846.312000 2.185253143 -0.313670278 10.155872345 -0.012224700 0.069867112 0.031683289 0.996978104
38846.406000 2.186377525 -0.310855865 10.179675102 -0.014010889 0.073342808 0.033708233 0.996638536
38846.484000 2.197650671 -0.315964818 10.232719421 -0.004384423 0.084162235 0.028662635 0.996030092
38846.562000 2.199202776 -0.316001981 10.262143135 -0.006671282 0.084796034 0.025340393 0.996053755
38846.640000 2.203753948 -0.319100589 10.283985138 -0.010035158 0.084864505 0.022432515 0.996089399
38846.734000 2.207815409 -0.324725121 10.303162575 -0.007024803 0.088298276 0.024456341 0.995769024
38846.812000 2.218630791 -0.331961513 10.348609924 -0.012689504 0.094703548 0.027157849 0.995054126
38846.890000 2.220831394 -0.335148484 10.366705894 -0.008436345 0.100289129 0.028531486 0.994513392
38846.968000 2.224563122 -0.332074940 10.384608269 -0.006076319 0.104916364 0.031126626 0.993975282
38847.046000 2.228331327 -0.334270567 10.400596619 -0.010505036 0.110648982 0.031477794 0.993305385
38847.125000 2.228801489 -0.332421631 10.414061546 -0.011573232 0.113404006 0.029622175 0.993039846
38847.203000 2.230558634 -0.328938991 10.427243233 -0.012909108 0.115878619 0.025295861 0.992857337
38847.281000 2.232462406 -0.326467961 10.453788757 -0.018395294 0.120621033 0.018542109 0.992354989
38847.359000 2.235075474 -0.327342510 10.465891838 -0.020976366 0.120708413 0.018436272 0.992295086
38847.437000 2.237181425 -0.323743403 10.474343300 -0.016843934 0.123348430 0.016958050 0.992075562
38847.515000 2.242606878 -0.328757733 10.496462822 -0.018424498 0.123921230 0.015381498 0.992001772
38847.593000 2.247580290 -0.327872306 10.503077507 -0.017979234 0.120806485 0.017626384 0.992356718
38847.671000 2.251370668 -0.336343318 10.534837723 -0.016000045 0.119709432 0.016785763 0.992538154
38847.750000 2.260302305 -0.327248096 10.553766251 -0.005235915 0.120559789 0.011034523 0.992630959
38847.843000 2.264477730 -0.324678957 10.573532104 -0.002297322 0.117038570 0.013844421 0.993028224
38847.921000 2.268336535 -0.327095509 10.589455605 -0.001585811 0.115675926 0.012147195 0.993211508
38848.000000 2.272581339 -0.325668275 10.611608505 0.000939082 0.111414686 0.012240194 0.993698239
38848.078000 2.280519962 -0.327764571 10.633367538 0.005795165 0.112421967 0.008112180 0.993610561
38848.156000 2.297901392 -0.329729795 10.680069923 0.000289194 0.111631438 0.006165520 0.993730545
38848.234000 2.307317734 -0.331254184 10.697954178 0.002450176 0.112742968 0.006240631 0.993601561
38848.312000 2.312345266 -0.330593497 10.716905594 0.001890514 0.112174049 0.004174023 0.993678033
38848.406000 2.319220304 -0.330784529 10.737036705 0.003127370 0.112252057 0.004325981 0.993665457
38848.500000 2.330459118 -0.333408386 10.769155502 0.008777420 0.108836330 0.003868044 0.994013429
38848.578000 2.337929010 -0.336043268 10.783746719 0.011139856 0.108444206 0.004035170 0.994031966
38848.656000 2.341329575 -0.334562451 10.797645569 0.007966151 0.105569325 0.005565394 0.994364500
38848.734000 2.346311092 -0.341142625 10.821810722 0.005369043 0.105091505 0.009836035 0.994399428
38848.812000 2.349900484 -0.340881437 10.831736565 0.003082814 0.102301724 0.014180374 0.994647622
38848.890000 2.351619720 -0.344496757 10.841916084 0.002346684 0.098698556 0.017672654 0.994957685
38848.968000 2.350868702 -0.344867140 10.848334312 0.008497337 0.100812688 0.019786511 0.994672358
38849.046000 2.355937719 -0.349901944 10.862663269 0.007754482 0.099166133 0.022944136 0.994776189
38849.156000 2.355854273 -0.345819831 10.875102043 0.009970026 0.102614827 0.025036288 0.994356096
38849.218000 2.359836578 -0.346242219 10.908999443 0.004520269 0.103959106 0.029287940 0.994139969
38849.312000 2.358788252 -0.344261557 10.920202255 0.003359082 0.104907006 0.029890219 0.994027078
38849.390000 2.361166716 -0.343115151 10.939795494 0.003382070 0.106550723 0.031801477 0.993792892
38849.453000 2.361910582 -0.339536190 10.960275650 0.001152294 0.107782423 0.031806979 0.993664920
38849.546000 2.364933014 -0.342690885 10.993381500 0.005078481 0.109978549 0.027089456 0.993551791
38849.625000 2.371387720 -0.343251705 11.018608093 0.002975916 0.111022264 0.027003460 0.993446529
38849.703000 2.374842882 -0.347406626 11.039373398 -0.000135678 0.112827636 0.029838473 0.993166506
38849.796000 2.378157377 -0.349764198 11.058702469 0.000780186 0.117774911 0.026793374 0.992678523
38849.890000 2.388321638 -0.354820162 11.077409744 -0.001763251 0.116472907 0.025579162 0.992862880
38849.968000 2.395082235 -0.356192768 11.111176491 -0.002148594 0.114257939 0.026355118 0.993099213
38850.046000 2.398926973 -0.355622858 11.128076553 0.001473173 0.109854631 0.024208268 0.993651748
38850.125000 2.398587465 -0.359055281 11.145353317 0.005100355 0.106732845 0.016284218 0.994141340
38850.234000 2.405360699 -0.354672134 11.168923378 0.015439287 0.102906220 0.005796094 0.994554400
38850.328000 2.404482841 -0.355684757 11.176465988 0.011567003 0.106245346 0.006194029 0.994253397
38850.406000 2.407679319 -0.356966585 11.207522392 0.003212741 0.102021493 0.011666771 0.994708598
38850.500000 2.412870169 -0.356270522 11.220186234 0.005221531 0.105687484 0.019619094 0.994192123
38850.578000 2.417597771 -0.356382191 11.241622925 0.002634722 0.102463149 0.020953825 0.994512618
38850.671000 2.417830467 -0.355781913 11.256037712 0.004599829 0.103082389 0.017614232 0.994506240
38850.750000 2.427194357 -0.356870443 11.292863846 0.005265947 0.096588776 0.018992862 0.995129287
38851.078000 2.467425585 -0.365506411 11.405293465 0.018168310 0.082813025 0.024892183 0.996088505
38851.250000 2.491352558 -0.372011989 11.458914757 0.013821770 0.079591654 0.024816839 0.996422708
38851.406000 2.507848740 -0.377896041 11.497288704 0.015463402 0.071854994 0.021832649 0.997056246
38851.484000 2.523228884 -0.376047343 11.531350136 0.012527172 0.067290269 0.018644473 0.997480571
38851.562000 2.528644800 -0.373992741 11.543323517 0.015532604 0.067490689 0.015271496 0.997482121
38851.734000 2.541146517 -0.371204555 11.571475029 0.013662077 0.071331657 0.014110621 0.997259259
38851.812000 2.551765680 -0.370582193 11.592399597 0.015826415 0.077760212 0.013375049 0.996756732
38851.968000 2.563294411 -0.368241489 11.616909027 0.012891374 0.086313479 0.012856462 0.996101677
38852.125000 2.570387602 -0.369100541 11.642786026 0.007210297 0.092031330 0.013686996 0.995635927
38852.218000 2.569087029 -0.367172748 11.669531822 0.008700528 0.095897555 0.011870727 0.995282412
38852.375000 2.575735569 -0.366299897 11.705193520 0.011803620 0.099601857 0.004061377 0.994949102
38852.546000 2.581314564 -0.374788702 11.742795944 0.011605607 0.098612376 0.005048831 0.995045483
38852.625000 2.587377071 -0.377117783 11.788607597 0.018813234 0.103599831 0.006864415 0.994417489
38852.859000 2.588379860 -0.389253736 11.848983765 0.028594483 0.094572201 0.002782948 0.995103359
38852.953000 2.590687513 -0.396820575 11.887285233 0.030257134 0.092351392 0.010530613 0.995210946
38853.031000 2.590838194 -0.396232694 11.904274940 0.029688289 0.093860231 0.011729826 0.995073497
38853.109000 2.593364239 -0.395250946 11.918780327 0.032101680 0.095247254 0.012892946 0.994852364
38853.187000 2.591744900 -0.392014295 11.931217194 0.032474570 0.097608298 0.015736328 0.994570434
38853.281000 2.591239452 -0.388776064 11.946739197 0.024899909 0.098240592 0.016624790 0.994712234
38853.359000 2.596964598 -0.385602027 11.969449997 0.020123675 0.097901337 0.017595472 0.994837105
38853.437000 2.599892139 -0.383009970 11.981895447 0.017569197 0.098233424 0.021963764 0.994765878
38853.531000 2.604764223 -0.382646352 11.995498657 0.009851632 0.098472722 0.023426222 0.994815230
38853.609000 2.610571146 -0.376753271 12.030907631 0.003927065 0.099857412 0.018811608 0.994816184
38853.687000 2.614580870 -0.377636790 12.044166565 0.001815739 0.098869160 0.021629281 0.994863749
38853.765000 2.621446609 -0.375012308 12.063060760 -0.004348168 0.093579933 0.024413574 0.995302916
38853.859000 2.626595736 -0.371673584 12.089075089 -0.004538767 0.089382097 0.024299631 0.995690584
38853.937000 2.631451607 -0.372140765 12.111228943 -0.004262821 0.081679709 0.024911046 0.996338189
38854.015000 2.639772177 -0.376354516 12.154050827 -0.008773853 0.065983772 0.025049072 0.997467637
38854.093000 2.647467852 -0.374674678 12.173745155 0.010130422 0.072422899 0.021339601 0.997094214
38854.187000 2.654115200 -0.380186260 12.198744774 0.008098177 0.072399661 0.019136867 0.997159243
38854.265000 2.665440798 -0.384293169 12.221913338 0.006042392 0.067206793 0.021608241 0.997486770
38854.343000 2.677108526 -0.395718902 12.258952141 0.020331508 0.063586473 0.015941568 0.997641861
38854.421000 2.684932709 -0.400203496 12.274732590 0.024592604 0.063322783 0.017974697 0.997528136
38854.500000 2.692399740 -0.399478257 12.292469025 0.022316577 0.060094234 0.018334964 0.997774780
38854.593000 2.698690176 -0.399747998 12.302474022 0.022600627 0.059492189 0.017000524 0.997828126
38854.671000 2.705574036 -0.396548182 12.313905716 0.030124422 0.062482245 0.013734464 0.997496843
38854.750000 2.714626074 -0.393195242 12.335301399 0.022523122 0.062287007 0.013902960 0.997707307
38854.828000 2.718264818 -0.394919932 12.341553688 0.026365653 0.061485842 0.014195887 0.997658730
38854.906000 2.719345808 -0.394699991 12.350926399 0.028684182 0.064226277 0.015844863 0.997397184
38854.984000 2.725391150 -0.397416830 12.360097885 0.025566146 0.064078011 0.021965554 0.997375548
38855.093000 2.717996359 -0.403518796 12.377397537 0.020469874 0.069350384 0.023967553 0.997094333
38855.171000 2.729416847 -0.390763074 12.402319908 0.014607850 0.070030272 0.027229801 0.997066259
38855.250000 2.732197285 -0.388888687 12.417475700 0.010707240 0.072117008 0.027828693 0.996950388
38855.343000 2.734123230 -0.386191726 12.430613518 0.010155535 0.073686711 0.026687190 0.996872604
38855.453000 2.737221241 -0.384111434 12.461562157 0.007926923 0.080670193 0.020500181 0.996498466
38855.531000 2.738200426 -0.384500384 12.480747223 0.008510736 0.085616067 0.018419348 0.996121585
38855.625000 2.738344669 -0.390064985 12.528310776 -0.001893235 0.085696787 0.017028339 0.996173918
38855.703000 2.740375280 -0.392727107 12.548480034 0.002510714 0.088603668 0.016099526 0.995933712
38855.796000 2.741904736 -0.401874602 12.569670677 0.005955336 0.092744730 0.014766732 0.995562613
38855.875000 2.741891146 -0.407852203 12.608348846 0.015974602 0.097795382 0.016587125 0.994940102
38855.953000 2.741333723 -0.405917227 12.630389214 0.016712530 0.099046364 0.015673880 0.994819045
38856.031000 2.742457151 -0.407373965 12.650629997 0.016796263 0.097997583 0.015777424 0.994919837
38856.125000 2.739715815 -0.401837289 12.667191505 0.016953066 0.099056713 0.016012628 0.994808495
38856.218000 2.739665508 -0.392827243 12.680841446 0.015815182 0.100345194 0.016734567 0.994686246
38856.296000 2.739507675 -0.395263553 12.716647148 0.003555495 0.101766661 0.020626608 0.994588137
38856.375000 2.740031481 -0.396827668 12.728925705 0.003847342 0.100497246 0.019452360 0.994739711
38856.453000 2.741503239 -0.394343972 12.740898132 0.005561410 0.099926263 0.018146621 0.994813800
38856.546000 2.744178534 -0.392430514 12.770660400 0.000387162 0.095915228 0.021558775 0.995155990
38856.625000 2.749027729 -0.392937213 12.788077354 -0.000517105 0.097314067 0.021612072 0.995018899
38856.718000 2.754511595 -0.391997784 12.802430153 -0.003284020 0.095926292 0.024254745 0.995087504
38856.796000 2.760433435 -0.392064899 12.825956345 -0.002592743 0.096355997 0.026138952 0.995000303
38856.890000 2.775707006 -0.392551124 12.866499901 -0.002236094 0.088237457 0.028541641 0.995687962
38856.968000 2.781741858 -0.395000041 12.889846802 0.001671522 0.087644458 0.023630556 0.995870113
38857.062000 2.788622141 -0.398755610 12.913620949 0.003229934 0.079138912 0.025357205 0.996535838
38857.140000 2.797451735 -0.400053293 12.934395790 0.014760632 0.080314972 0.024392897 0.996361732
38857.218000 2.817308187 -0.408340722 12.985423088 0.008480573 0.078451753 0.021688318 0.996645927
38857.312000 2.828066587 -0.412869304 13.003811836 0.011463777 0.075626612 0.020860637 0.996852100
38857.390000 2.833374500 -0.411981583 13.022500992 0.012169261 0.073903121 0.017369095 0.997039914
38857.484000 2.844247341 -0.410361737 13.040949821 0.012810004 0.074635506 0.015620516 0.997006238
38857.546000 2.860330820 -0.412032723 13.075307846 0.016317990 0.071665026 0.014246775 0.997193575
38857.625000 2.866315365 -0.413434744 13.090355873 0.018216126 0.071108960 0.015435127 0.997182786
38857.718000 2.875541210 -0.413815856 13.102173805 0.018501520 0.073202521 0.015579278 0.997023761
38857.812000 2.881718874 -0.416553169 13.115712166 0.019140854 0.076111905 0.017210860 0.996766984
38857.890000 2.896190882 -0.412895232 13.140242577 0.019651927 0.079278931 0.018465437 0.996487677
38857.968000 2.897870064 -0.410510063 13.148865700 0.017051946 0.079903647 0.020390620 0.996448100
38858.046000 2.903522491 -0.412069410 13.166425705 0.011849590 0.079493620 0.022982482 0.996499956
38858.125000 2.909389973 -0.407071590 13.179615974 0.004497289 0.078348450 0.024953125 0.996603549
38858.218000 2.915102959 -0.395024508 13.213648796 -0.002719153 0.083083943 0.024098869 0.996247411
38858.312000 2.920085669 -0.387166262 13.237813950 -0.011668711 0.084722579 0.025589922 0.996007621
38858.390000 2.925913811 -0.392000437 13.256917000 -0.014907080 0.086089835 0.025202954 0.995857000
38858.468000 2.926896334 -0.390262157 13.279902458 -0.015119000 0.088711791 0.023043757 0.995675981
38858.546000 2.934161425 -0.395516396 13.337730408 -0.010202405 0.085606419 0.021398507 0.996046960
38858.625000 2.938189983 -0.398461044 13.368475914 -0.009318188 0.085705929 0.016632408 0.996138096
38858.703000 2.942522764 -0.403465837 13.399250031 -0.004038082 0.086213276 0.015555850 0.996147096
38858.796000 2.946718216 -0.403268009 13.429606438 -0.009018035 0.083594859 0.012961484 0.996374726
38858.875000 2.950444221 -0.410608590 13.459304810 -0.005861573 0.082010403 0.012759094 0.996532559
38858.953000 2.955019236 -0.417499751 13.504996300 0.000432819 0.080912448 0.015689624 0.996597648
38859.031000 2.954931259 -0.419048786 13.522541046 0.002287818 0.078432344 0.015629163 0.996794343
38859.125000 2.957871675 -0.420091152 13.538299561 0.007507543 0.078075409 0.014598588 0.996812344
38859.312000 2.963343143 -0.420922816 13.577116966 0.006714613 0.077529944 0.014525487 0.996861637
38859.390000 2.963407516 -0.417878330 13.590566635 0.003762521 0.077219717 0.016211702 0.996875167
38859.484000 2.963838577 -0.419195145 13.609295845 -0.001806496 0.076715149 0.017241014 0.996902347
38859.562000 2.971938372 -0.412892401 13.638963699 -0.004419885 0.077118106 0.016130256 0.996881723
38859.718000 2.977496624 -0.415022135 13.672595978 -0.003201532 0.073515296 0.020332076 0.997081697
38859.812000 2.987606287 -0.411424518 13.707860947 -0.001102564 0.066135712 0.025674958 0.997479677
38861.125000 3.123458147 -0.421921760 14.037741661 0.001259497 0.044479299 0.019451182 0.998820186
38861.296000 3.130903006 -0.414884984 14.095025063 -0.009635228 0.050964016 0.021184115 0.998429298
38861.375000 3.130649805 -0.411517054 14.115230560 -0.008063527 0.053216223 0.018840538 0.998372734
38861.453000 3.132077217 -0.412004858 14.138044357 -0.004591768 0.052078467 0.019669643 0.998438716
38861.531000 3.134445190 -0.409163266 14.165065765 -0.007832635 0.053523716 0.017820187 0.998376846
38861.625000 3.138497591 -0.423321038 14.217268944 -0.006657708 0.053243544 0.015844250 0.998433709
38861.703000 3.141254902 -0.426402390 14.242532730 -0.007597779 0.054859426 0.016052289 0.998336136
38861.875000 3.140245199 -0.432012022 14.290504456 -0.003040298 0.057477351 0.019302124 0.998155594
38861.953000 3.142935991 -0.431830764 14.331112862 -0.006782682 0.061917976 0.024380052 0.997760415
38862.031000 3.143167257 -0.430761158 14.350123405 -0.000934154 0.066909201 0.022148784 0.997512758
38862.109000 3.142271042 -0.432177603 14.370769501 -0.004587152 0.068624131 0.022540955 0.997377396
38862.171000 3.140179634 -0.430796981 14.382484436 -0.007969877 0.071222700 0.022733439 0.997169554
38862.265000 3.141797781 -0.435166627 14.397134781 -0.011605967 0.072338015 0.020428242 0.997103393
38862.343000 3.143307686 -0.432266355 14.411855698 -0.009773803 0.076393567 0.020074595 0.996827722
38862.421000 3.154946089 -0.425932318 14.445719719 -0.016756916 0.082950972 0.020707324 0.996197522
38862.500000 3.159197807 -0.427063167 14.461303711 -0.019350685 0.085405707 0.019494018 0.995967627
38862.578000 3.165866613 -0.424570501 14.485377312 -0.020610828 0.088239990 0.017924851 0.995724738
38862.656000 3.172433138 -0.423162818 14.510824203 -0.022610245 0.086851619 0.020040786 0.995763004
38862.734000 3.179870367 -0.424614191 14.536529541 -0.021117339 0.086443588 0.020911530 0.995813429
38862.812000 3.191147566 -0.429039061 14.596515656 -0.013326366 0.075599141 0.025946589 0.996711612
38862.906000 3.194607496 -0.430144250 14.625302315 -0.015198340 0.065723754 0.024006497 0.997433245
38862.984000 3.200922251 -0.430042863 14.651809692 -0.010916763 0.064683527 0.019735159 0.997650921
38863.062000 3.210259914 -0.434695035 14.677742958 -0.013035925 0.059376664 0.016652282 0.998011649
38863.156000 3.224450827 -0.444438368 14.727871895 -0.009539096 0.052631728 0.014983370 0.998456001
38863.234000 3.234784842 -0.445683718 14.754533768 -0.005798187 0.051152349 0.013200176 0.998586833
38863.312000 3.244580269 -0.448628008 14.775072098 -0.006083994 0.048802741 0.016666107 0.998650908
38863.390000 3.251192570 -0.449728370 14.793376923 -0.003266665 0.048277307 0.017202239 0.998680472
38863.484000 3.260397434 -0.447205931 14.827997208 -0.000665699 0.044815410 0.011490718 0.998928964
38863.609000 3.265818357 -0.449555039 14.842456818 -0.000547443 0.041611344 0.010659771 0.999076903
38863.687000 3.270856142 -0.450555861 14.868836403 -0.003581547 0.034481045 0.013820213 0.999303401
38863.765000 3.270644665 -0.449737132 14.881291389 -0.003873306 0.031806991 0.013671193 0.999393046
38863.843000 3.271471262 -0.448561102 14.887803078 -0.001593480 0.028957041 0.014017895 0.999481082
38863.921000 3.271324635 -0.447262615 14.901461601 -0.004215035 0.025345970 0.015461273 0.999550343
38864.000000 3.270418882 -0.447915286 14.915763855 -0.005500508 0.023304971 0.016977541 0.999569118
38864.093000 3.270972490 -0.443484277 14.940707207 -0.006448671 0.023925910 0.016896600 0.999550223
38864.171000 3.273631811 -0.447954506 14.957488060 -0.005745112 0.026176017 0.016036153 0.999512255
38864.250000 3.272770166 -0.447527975 14.975430489 -0.004934767 0.028059615 0.012230771 0.999519289
38864.343000 3.274206400 -0.447896808 14.998150826 -0.005065585 0.030168146 0.011236439 0.999468863
38864.421000 3.273470163 -0.447819859 15.049335480 -0.005061500 0.034972642 0.009962857 0.999325812
38864.500000 3.273604155 -0.455890238 15.071164131 -0.001941382 0.034004204 0.010190884 0.999367833
38864.593000 3.271215916 -0.459456295 15.094816208 -0.000359451 0.038070720 0.007461399 0.999247134
38864.671000 3.272912025 -0.463951886 15.116971016 0.002346933 0.040471733 0.010372265 0.999124169
38864.750000 3.275228739 -0.474030405 15.173039436 0.001319657 0.050268874 0.010749735 0.998677015
38864.828000 3.275016308 -0.474213302 15.200104713 -0.001364179 0.054909509 0.012168463 0.998416305
38864.906000 3.274244308 -0.475337833 15.223488808 -0.001129547 0.060273800 0.016283771 0.998048425
38865.000000 3.281526089 -0.474424303 15.241723061 -0.002309590 0.065936118 0.018727679 0.997645438
38865.078000 3.281566620 -0.474041879 15.279054642 0.001006527 0.076737024 0.022894204 0.996787965
38865.171000 3.279258490 -0.469990909 15.290905952 0.001756219 0.078897603 0.022267381 0.996632516
38865.265000 3.281165123 -0.474253446 15.306584358 -0.001612374 0.077778749 0.020791417 0.996752560
38865.343000 3.278427362 -0.474051923 15.333220482 0.002593817 0.079475291 0.020747179 0.996617556
38865.437000 3.278125763 -0.473022342 15.350263596 -0.001878607 0.078502253 0.021303698 0.996684551
38865.531000 3.283646584 -0.470604181 15.369702339 -0.002349359 0.076928720 0.020642616 0.996820152
38865.625000 3.287438631 -0.469571739 15.413322449 -0.005935383 0.075445265 0.017669672 0.996975720
38865.718000 3.289243460 -0.467570364 15.437999725 -0.009162310 0.074368626 0.015013985 0.997075737
38865.812000 3.292234659 -0.465505868 15.464894295 -0.011369730 0.070696078 0.015628930 0.997310698
38865.890000 3.301883698 -0.468142480 15.515316963 -0.007346844 0.063734278 0.015080866 0.997825921
38865.968000 3.306644678 -0.469365329 15.539158821 -0.004928847 0.062497243 0.012820425 0.997950673
38866.046000 3.316468477 -0.472775429 15.566679001 -0.007191073 0.059669640 0.011259385 0.998128831
38866.140000 3.324159145 -0.474328458 15.591374397 -0.004061583 0.059937261 0.009608204 0.998147666
38866.218000 3.341240168 -0.480573297 15.642039299 -0.002168767 0.055084284 0.007273240 0.998452902
38866.312000 3.346629858 -0.479668081 15.662485123 0.000441451 0.052673504 0.006063238 0.998593330
38866.390000 3.352033377 -0.477741539 15.682383537 0.006864870 0.051913381 0.004391395 0.998618364
38866.468000 3.361090660 -0.477737755 15.723411560 -0.001843172 0.055132817 0.008536639 0.998440862
38866.546000 3.364944220 -0.478769809 15.741003990 -0.006724199 0.052149568 0.012384143 0.998539865
38866.640000 3.368352413 -0.478650540 15.753834724 0.001694687 0.053133339 0.010900034 0.998526573
38866.718000 3.369605064 -0.478815377 15.769939423 0.000162426 0.053680524 0.012300670 0.998482406
38866.796000 3.371234894 -0.477829963 15.786483765 -0.004453187 0.053406112 0.014838717 0.998452783
38866.875000 3.374979019 -0.475145310 15.817711830 -0.003648226 0.057541214 0.012570043 0.998257339
38866.968000 3.374997139 -0.474185526 15.836723328 -0.006282485 0.059987079 0.014185167 0.998078585
38867.046000 3.378109932 -0.475248247 15.858639717 -0.011776627 0.061194640 0.014968148 0.997944117
38867.125000 3.379367828 -0.474872112 15.877568245 -0.010985738 0.062486410 0.014373330 0.997881889
38867.203000 3.380169630 -0.476912111 15.923844337 -0.003057071 0.066301532 0.012478177 0.997716963
38867.296000 3.381970406 -0.480087429 15.952130318 -0.001426743 0.068498626 0.012430999 0.997572720
38867.359000 3.380339384 -0.486634076 15.977285385 0.006634351 0.070092849 0.014799051 0.997408628
38867.437000 3.382989168 -0.490729570 16.006784439 0.005578646 0.074112333 0.014000877 0.997136056
38867.515000 3.385820150 -0.495517313 16.032564163 0.007349478 0.076159053 0.015365932 0.996950209
38867.609000 3.383229494 -0.499175161 16.057241440 0.014062787 0.078883864 0.013627559 0.996691525
38867.687000 3.384825230 -0.502310872 16.107460022 0.013773195 0.080308244 0.017011071 0.996529758
38867.765000 3.381744862 -0.498499095 16.128406525 0.017553395 0.084902748 0.016421473 0.996099293
38867.859000 3.382309198 -0.499198973 16.152395248 0.014914610 0.085583337 0.019380877 0.996030867
38867.937000 3.383251905 -0.497261494 16.171321869 0.008991240 0.086390935 0.021350579 0.995991945
38868.015000 3.386458874 -0.496987939 16.213481903 0.001405653 0.085678227 0.023114169 0.996053755
38868.109000 3.389592409 -0.496060729 16.232265472 -0.002773548 0.085412987 0.023628250 0.996061623
38868.187000 3.388618469 -0.493019849 16.252038956 -0.006983108 0.084126800 0.024795802 0.996122062
38868.281000 3.394975185 -0.489684165 16.295082092 -0.010930747 0.081730545 0.026555160 0.996240675
38868.359000 3.401622057 -0.487647384 16.321411133 -0.011654276 0.083154805 0.026117899 0.996126175
38868.437000 3.406302214 -0.488275766 16.346733093 -0.014348751 0.081984095 0.030200416 0.996072650
38868.515000 3.415819168 -0.489813894 16.372205734 -0.015753342 0.082241446 0.030761657 0.996013045
38868.609000 3.424052000 -0.489134997 16.400854111 -0.013226473 0.082922883 0.031150145 0.995981216
38868.687000 3.441728354 -0.486952901 16.457187653 -0.014306654 0.077689826 0.026852710 0.996513247
38868.765000 3.450007439 -0.490336806 16.483325958 -0.015436442 0.076964043 0.024820402 0.996605396
38868.843000 3.461834908 -0.494148552 16.513523102 -0.012927248 0.080604881 0.018356713 0.996493280
38868.937000 3.471571445 -0.497841477 16.537425995 -0.012208388 0.080830306 0.019815164 0.996456087
38869.031000 3.486529589 -0.503293753 16.583450317 -0.004388025 0.080893904 0.018033657 0.996549904
38869.125000 3.493594408 -0.505867004 16.606325150 -0.006930730 0.075515449 0.018258160 0.996953368
38869.203000 3.501119614 -0.510650575 16.633314133 -0.002821391 0.074230410 0.015972903 0.997109234
38869.281000 3.509853363 -0.502776027 16.663536072 -0.001099607 0.071227379 0.011957263 0.997387886
38869.359000 3.511642694 -0.501418591 16.683710098 -0.006099447 0.070602104 0.012067429 0.997412920
38869.453000 3.514481544 -0.501410186 16.701122284 -0.007402700 0.069176264 0.011105172 0.997515202
38869.546000 3.517964125 -0.499014705 16.719972610 -0.006667790 0.069628157 0.010766588 0.997492671
38869.625000 3.522869349 -0.496875316 16.757886887 -0.015758241 0.071048602 0.013837939 0.997252345
38869.703000 3.525872231 -0.495606482 16.775894165 -0.018051635 0.070846997 0.013541673 0.997231901
38869.796000 3.526426315 -0.496175796 16.795949936 -0.018676331 0.075442024 0.012511448 0.996896803
38869.875000 3.532772064 -0.490896672 16.846466064 -0.023106441 0.079816811 0.015521508 0.996420860
38869.968000 3.534608841 -0.493843168 16.873361588 -0.022099869 0.081583977 0.015041956 0.996307909
38870.062000 3.535686255 -0.491718054 16.905523300 -0.019986587 0.082358204 0.013925819 0.996305048
38870.140000 3.540814161 -0.497370690 16.966300964 -0.013169887 0.077071205 0.011205766 0.996875644
38870.218000 3.538524151 -0.500579715 16.994771957 -0.009879678 0.078430235 0.005174193 0.996857226
38870.312000 3.540326357 -0.502570570 17.020328522 -0.004696679 0.073447458 0.008493837 0.997251868
38870.390000 3.542309999 -0.507770896 17.047258377 -0.001842187 0.073694229 0.009630174 0.997232735
38870.484000 3.547803640 -0.511023223 17.095426559 -0.001290662 0.073325120 0.012177775 0.997232914
38870.562000 3.548861980 -0.506142735 17.116386414 -0.003281944 0.076284982 0.011254083 0.997017145
38870.640000 3.552057028 -0.504196286 17.139705658 -0.007801616 0.077946529 0.011840433 0.996856689
38870.734000 3.555812120 -0.503986418 17.159601212 -0.007665554 0.082602143 0.013037569 0.996467829
38870.812000 3.566050053 -0.502794623 17.197822571 -0.014208624 0.085171476 0.019015828 0.996083498
38870.890000 3.569500446 -0.501451194 17.218736649 -0.018216379 0.083247952 0.022465939 0.996109068
38870.968000 3.573738575 -0.502213597 17.235055923 -0.018527053 0.081245229 0.023069525 0.996254861
38871.062000 3.576972485 -0.504619777 17.254041672 -0.018669546 0.078250609 0.025703592 0.996427417
38871.140000 3.580217600 -0.505556107 17.275318146 -0.021567659 0.070440792 0.029252131 0.996853709
38871.218000 3.588263988 -0.502257586 17.328630447 -0.017146232 0.053809036 0.030253859 0.997945547
38871.296000 3.597186327 -0.502910972 17.355297089 -0.012364934 0.042715717 0.029594259 0.998572350
38871.375000 3.596996784 -0.500534177 17.383533478 -0.009116212 0.027165243 0.031617168 0.999089241
38871.453000 3.601392746 -0.502659678 17.411945343 -0.010254977 0.010225088 0.029380454 0.999463379
38871.531000 3.631385565 -0.491482109 17.442882538 -0.003061583 -0.008691226 0.030887125 0.999480426
38871.609000 3.620720625 -0.507371306 17.501874924 -0.011319721 -0.015048003 0.017412754 0.999671042
38871.687000 3.630405903 -0.507324398 17.527137756 -0.013261358 -0.022301614 0.020925039 0.999444306
38871.765000 3.640600204 -0.506863952 17.551685333 -0.013961882 -0.023412386 0.021105783 0.999405563
38871.859000 3.650396109 -0.503722548 17.579679489 -0.017390702 -0.022811959 0.021851977 0.999349654
38871.937000 3.661947250 -0.502089143 17.604518890 -0.021545412 -0.022840727 0.022854993 0.999245584
38872.015000 3.681469679 -0.495151460 17.646852493 -0.023432728 -0.014978636 0.024332605 0.999316990
38872.093000 3.694693565 -0.491693676 17.666225433 -0.023896007 -0.011808803 0.026240245 0.999300241
38872.171000 3.705473185 -0.491279185 17.683744431 -0.024714956 -0.007598432 0.027407343 0.999289930
38872.250000 3.713322401 -0.491005719 17.701988220 -0.029600402 -0.007379299 0.028702984 0.999122381
38872.328000 3.718923330 -0.487790525 17.718368530 -0.033990938 -0.006365799 0.033508278 0.998839974
38872.406000 3.727598190 -0.486577481 17.744356155 -0.033320293 -0.004356431 0.035196103 0.998815298
38872.484000 3.733068705 -0.484571069 17.755048752 -0.030612875 0.000976965 0.036477178 0.998865008
38872.562000 3.738918066 -0.483781159 17.770980835 -0.026231788 0.008083877 0.033906296 0.999048054
38872.640000 3.745494604 -0.481470168 17.785350800 -0.022433341 0.014876759 0.029643524 0.999198020
38872.718000 3.748764515 -0.482056111 17.796005249 -0.023004020 0.022496434 0.023770057 0.999199569
38872.796000 3.757187128 -0.477799475 17.807964325 -0.021060405 0.028112140 0.021802898 0.999145091
38872.875000 3.764676809 -0.475450397 17.829090118 -0.017431740 0.037390161 0.017847549 0.998989284
38872.968000 3.765337944 -0.474654645 17.840427399 -0.017158475 0.041889429 0.014239913 0.998873472
38873.046000 3.767504692 -0.473507553 17.849681854 -0.019570433 0.043748327 0.014653480 0.998743415
38873.125000 3.771782637 -0.468496829 17.860586166 -0.022615608 0.049643468 0.013927886 0.998413801
38873.203000 3.773352146 -0.466050953 17.876609802 -0.030355550 0.060798530 0.014834566 0.997578084
38873.281000 3.777648926 -0.464319468 17.883018494 -0.034785729 0.063911192 0.017670950 0.997192621
38873.359000 3.780667543 -0.462653458 17.892749786 -0.042874370 0.063832797 0.020325273 0.996832013
38873.453000 3.784807682 -0.458306134 17.901350021 -0.048811331 0.067425251 0.023499569 0.996252537
38873.546000 3.782897234 -0.454172641 17.920820236 -0.067360207 0.075842984 0.024567885 0.994538546
38873.640000 3.782314777 -0.451644331 17.933160782 -0.071509503 0.080616578 0.022719959 0.993917108
38873.718000 3.779654741 -0.452326357 17.941951752 -0.072973408 0.082582109 0.022947831 0.993644118
38873.812000 3.772783041 -0.453560203 17.960988998 -0.069529153 0.081943616 0.025970759 0.993869424
