39307.062000 0.000000000 0.000000000 0.000000000 -0.000000000 -0.000000000 -0.000000000 1.000000000
39307.125000 -0.001470977 -0.004999359 -0.004235277 0.005565512 0.003225973 -0.005603098 0.999963641
39307.187000 -0.002016614 -0.002509549 -0.000784205 0.004709273 0.003367585 -0.007945888 0.999951720
39307.250000 -0.002773673 -0.002064243 -0.001177255 0.000901359 0.002400162 -0.006927287 0.999972701
39307.328000 -0.005324767 -0.001067307 -0.003505237 0.000590656 0.000773610 -0.003944846 0.999991775
39307.390000 -0.002590671 -0.001905341 -0.006165160 0.000654056 -0.000079225 -0.001390169 0.999998808
39307.468000 -0.003857515 -0.002703606 -0.009202112 0.001953638 0.001493994 -0.000558692 0.999996841
39307.515000 -0.005902506 -0.001155478 -0.007211794 0.005594016 0.002115292 -0.001211747 0.999981403
39307.578000 -0.005908311 -0.001541515 -0.007958316 0.006301960 0.001818875 -0.001597846 0.999977231
39307.640000 -0.005500048 -0.002139299 -0.006563863 0.005137974 0.001145051 -0.000778156 0.999985874
39307.703000 -0.006651588 -0.002622082 -0.008658010 0.006183590 0.000608832 0.001771861 0.999979138
39307.796000 -0.007445077 -0.001067403 -0.008168791 0.008593092 0.000666940 0.003678992 0.999956131
39307.921000 -0.008651119 0.000757551 -0.004778793 0.012974227 -0.001062050 0.004451774 0.999905348
39308.078000 -0.011986220 0.001291562 -0.002276385 0.011521892 -0.005385962 0.005027404 0.999906540
39309.484000 -0.013759423 -0.000427506 -0.002250272 0.009428989 -0.010341045 0.005970857 0.999884248
39309.593000 -0.013559044 0.000064185 -0.003635881 0.008770196 -0.011810581 0.005710211 0.999875546
39309.734000 -0.015281166 -0.000116435 -0.003295518 0.008159836 -0.013893481 0.006231164 0.999850810
39309.812000 -0.014851747 0.001886762 -0.001440715 0.008766209 -0.015911227 0.008866110 0.999795735
39309.906000 -0.017332844 -0.001150566 -0.002091717 0.008857301 -0.017408691 0.008873393 0.999769866
39310.000000 -0.017661326 -0.001267430 -0.002914849 0.007165653 -0.017605241 0.011067119 0.999758124
39310.078000 -0.018557120 -0.001301278 -0.003200545 0.007339747 -0.019706806 0.016346246 0.999645233
39310.171000 -0.017792629 -0.001215446 -0.002087828 0.006223673 -0.020181270 0.018697718 0.999602139
39310.250000 -0.016456842 -0.000499584 -0.003351150 0.006351421 -0.018651599 0.022750335 0.999547064
39310.343000 -0.019807223 0.000583696 -0.007563735 0.007937347 -0.018523874 0.021545876 0.999564767
39310.421000 -0.017817961 -0.000008141 -0.006211649 0.008341805 -0.023514278 0.017744625 0.999531269
39310.515000 -0.019245660 -0.001069659 -0.008702143 0.008117011 -0.026309753 0.016543372 0.999484003
39310.609000 -0.018443607 -0.004268602 -0.011680192 0.006781335 -0.027510462 0.020196939 0.999394476
39310.687000 -0.019236226 -0.003528638 -0.015806945 0.019345932 -0.021398295 0.016688529 0.999444544
39310.765000 -0.017304230 0.000334953 -0.015921995 0.018941056 -0.021971796 0.015634470 0.999456882
39310.843000 -0.020335529 -0.002989651 -0.017864453 0.012080188 -0.021581721 0.013354360 0.999604940
39310.937000 -0.019046627 -0.003455266 -0.020123651 0.014293710 -0.026094109 0.011282354 0.999493659
39311.031000 -0.026621815 -0.009959588 -0.022329427 0.012004977 -0.032153916 0.002273188 0.999408245
39311.125000 -0.029963788 -0.010676299 -0.023733238 0.020991640 -0.034987628 0.001828272 0.999165654
39311.203000 -0.036465552 -0.020406920 -0.030073004 0.038639046 -0.038201243 -0.000688651 0.998522520
39311.281000 -0.037181363 -0.021065716 -0.034410812 0.048495922 -0.044660877 -0.001636187 0.997823060
39311.375000 -0.038880140 -0.022236217 -0.031906933 0.051599026 -0.050077077 -0.006199419 0.997392356
39311.468000 -0.042984579 -0.025508445 -0.033942908 0.050971683 -0.052466251 -0.009712235 0.997273684
39311.562000 -0.059516843 -0.029998451 -0.031423092 0.055905506 -0.066178337 -0.021810045 0.996001720
39311.640000 -0.063886859 -0.032187488 -0.028536126 0.048962798 -0.073074840 -0.023873316 0.995837748
39311.734000 -0.073335454 -0.040230718 -0.020082226 0.035285648 -0.073890664 -0.024150137 0.996349275
39311.812000 -0.083389618 -0.048898552 -0.000421713 0.036552552 -0.081432484 -0.021689715 0.995772183
39311.890000 -0.091797411 -0.052105710 0.013579088 0.026976645 -0.079788677 -0.014624462 0.996339381
39311.984000 -0.096737653 -0.052406028 0.028178778 0.026186623 -0.082624793 -0.010034149 0.996186137
39312.062000 -0.103732415 -0.054867305 0.040995497 0.038323790 -0.087864034 -0.009824684 0.995346546
39312.140000 -0.112160772 -0.077389143 0.041223671 0.033874404 -0.083188161 -0.011545864 0.995891035
39312.218000 -0.111055970 -0.064824313 0.077170961 0.038552325 -0.083915085 -0.011496497 0.995660484
39312.296000 -0.116287597 -0.067495167 0.091209672 0.034223940 -0.078257374 -0.013099913 0.996259451
39312.375000 -0.116585910 -0.070293084 0.106225803 0.031237137 -0.071571253 -0.009566399 0.996900380
39312.468000 -0.119547978 -0.074240029 0.122957677 0.029320173 -0.067915305 -0.008046199 0.997227728
39312.546000 -0.128737241 -0.079549685 0.152696267 0.026008697 -0.066665940 -0.004359857 0.997426808
39312.625000 -0.135356531 -0.080064788 0.166612968 0.024882743 -0.066303425 -0.004647351 0.997478366
39312.703000 -0.138092980 -0.083160587 0.181749567 0.022503713 -0.059748169 0.002040290 0.997957706
39312.796000 -0.139271408 -0.084353656 0.198702931 0.013039645 -0.056882475 0.009076640 0.998254478
39312.875000 -0.152770594 -0.173048735 0.270676434 0.010904927 -0.059191544 0.012934497 0.998103321
39312.953000 -0.144912928 -0.094728895 0.229267299 0.035066012 -0.063728400 0.002587352 0.997347713
39313.031000 -0.146398738 -0.097679861 0.238235682 0.039454289 -0.069066860 -0.005130777 0.996818364
39313.109000 -0.149217948 -0.099276975 0.248085693 0.038594335 -0.072227612 -0.010311159 0.996587873
39313.187000 -0.147789478 -0.104057781 0.257842660 0.037715446 -0.075332627 -0.009515289 0.996399522
39313.281000 -0.144676581 -0.106903203 0.282569617 0.033646349 -0.083518513 -0.006682299 0.995915651
39313.359000 -0.141990259 -0.106532432 0.297919661 0.030373357 -0.090133786 -0.009799809 0.995418191
39313.453000 -0.140927508 -0.105168045 0.312815160 0.024143083 -0.094948292 -0.005821671 0.995172381
39313.531000 -0.137319699 -0.100278519 0.329562366 0.021841137 -0.098201156 0.000863925 0.994926512
39313.609000 -0.133862436 -0.100999497 0.360467434 0.023617221 -0.096867397 0.008340663 0.994982123
39313.687000 -0.128134593 -0.103360288 0.377327263 0.028015256 -0.100725122 0.007814378 0.994489074
39313.765000 -0.125740901 -0.107620597 0.389843374 0.027084421 -0.102777958 0.011736733 0.994266272
39313.859000 -0.125043601 -0.112901799 0.404958338 0.027534690 -0.103031769 0.008376498 0.994261622
39313.937000 -0.123732336 -0.117383763 0.421252131 0.034704052 -0.105087645 0.007381409 0.993829846
39314.031000 -0.123337440 -0.120153472 0.452305794 0.040367343 -0.104785442 -0.001313414 0.993674397
39314.109000 -0.120946825 -0.122476466 0.469418228 0.036902152 -0.102842748 -0.001291989 0.994012058
39314.187000 -0.123042323 -0.123803221 0.487029463 0.040996246 -0.101887718 -0.000083041 0.993950844
39314.265000 -0.120900430 -0.130867153 0.517393291 0.045755025 -0.101514220 0.004590896 0.993770719
39314.359000 -0.119009070 -0.130955398 0.534453869 0.046856817 -0.102652840 0.006627467 0.993590951
39314.437000 -0.124195300 -0.132299036 0.548259199 0.048816860 -0.106032193 0.005270335 0.993149698
39314.500000 -0.125161037 -0.133590460 0.559691370 0.053457782 -0.113800101 0.003377262 0.992058694
39314.593000 -0.132621557 -0.139436334 0.566719472 0.054559845 -0.122630768 -0.002747698 0.990947723
39314.671000 -0.138190672 -0.143544778 0.589152515 0.053719435 -0.125151962 0.002150143 0.990679860
39314.750000 -0.142533973 -0.151633546 0.598592460 0.056842152 -0.127855346 0.005810893 0.990145564
39314.828000 -0.143539295 -0.157627761 0.608033955 0.055645511 -0.126893401 0.003916011 0.990346551
39314.921000 -0.143397361 -0.154875666 0.622877598 0.058795199 -0.128656566 0.001755223 0.989943206
39315.000000 -0.142996088 -0.156766057 0.636322081 0.058758482 -0.128998697 -0.000141190 0.989902377
39315.093000 -0.145850077 -0.159594998 0.671610534 0.058238488 -0.126125634 -0.000654812 0.990303099
39315.187000 -0.149773881 -0.162269294 0.691447854 0.054910738 -0.118031152 -0.002345229 0.991487741
39315.265000 -0.153309852 -0.163744345 0.712997854 0.058898363 -0.114616618 0.001736252 0.991660714
39315.359000 -0.158982754 -0.167165786 0.758002698 0.058768444 -0.111183919 0.007511298 0.992032230
39315.437000 -0.163291663 -0.169177815 0.779024422 0.057023942 -0.108138368 0.009000842 0.992458284
39315.515000 -0.163873792 -0.168547943 0.799990416 0.065189019 -0.109978355 0.010147392 0.991742015
39315.609000 -0.170526564 -0.173380002 0.816159606 0.065884270 -0.111592151 0.011562791 0.991500258
39315.687000 -0.176100776 -0.172269240 0.861810029 0.060997717 -0.110070631 0.011610740 0.991982341
39315.765000 -0.180307671 -0.173617482 0.880510628 0.058806334 -0.111813538 0.013014223 0.991902351
39315.859000 -0.186428770 -0.178451166 0.898776770 0.051545054 -0.111774594 0.014025692 0.992296755
39315.937000 -0.194695055 -0.177652359 0.916948915 0.052865367 -0.112043113 0.011029419 0.992234826
39316.015000 -0.204411134 -0.182837844 0.949298024 0.049176134 -0.114180714 0.007680406 0.992212415
39316.093000 -0.207592174 -0.180430397 0.966689825 0.045650985 -0.111408353 0.008858774 0.992686093
39316.187000 -0.210617214 -0.181669146 0.982984066 0.053249441 -0.110964969 0.008842695 0.992357314
39316.265000 -0.221094191 -0.181830242 0.994120896 0.053514559 -0.109868795 0.008922380 0.992464364
39316.343000 -0.231005445 -0.179718986 1.028591514 0.048902705 -0.106592938 0.006633085 0.993077278
39316.421000 -0.234995648 -0.179358497 1.045138478 0.039829507 -0.105911382 0.005416710 0.993562818
39316.500000 -0.238561615 -0.178718001 1.060118794 0.036717501 -0.107333109 0.003929239 0.993537128
39316.593000 -0.243440673 -0.176750749 1.073586345 0.040380366 -0.113227807 0.004035348 0.992739975
39316.671000 -0.252217442 -0.177868500 1.099701643 0.033685155 -0.122893006 0.005018313 0.991835415
39316.750000 -0.256110400 -0.182606235 1.114774704 0.029345414 -0.127991125 0.002451871 0.991338015
39316.828000 -0.259744972 -0.186732188 1.132219911 0.029872330 -0.133365557 0.003107953 0.990611732
39316.937000 -0.260115296 -0.191056937 1.142046690 0.032840922 -0.138555214 0.000756404 0.989809811
39317.015000 -0.271585196 -0.194046408 1.174607992 0.041759014 -0.149335563 -0.003258796 0.987899005
39317.078000 -0.276884228 -0.195731297 1.190974355 0.038768861 -0.150893211 -0.001465150 0.987788498
39317.156000 -0.282945126 -0.195907399 1.208400726 0.042630069 -0.153799251 0.001058991 0.987181544
39317.250000 -0.286145002 -0.199007660 1.223835111 0.051833399 -0.159180567 0.007529314 0.985859156
39317.328000 -0.283257633 -0.204569966 1.238440990 0.057559144 -0.155647710 0.010358244 0.986079872
39317.406000 -0.288259536 -0.202662140 1.282424808 0.042589586 -0.151876494 0.017824631 0.987320602
39317.484000 -0.288330764 -0.204573035 1.299190521 0.034392387 -0.149501145 0.019736517 0.987966120
39317.562000 -0.293914765 -0.206728339 1.315364003 0.041594602 -0.149500251 0.019180926 0.987700224
39317.656000 -0.292741984 -0.213738993 1.331776857 0.042949803 -0.148335993 0.019995848 0.987801552
39317.734000 -0.293304324 -0.214010641 1.347277522 0.043315299 -0.148382157 0.016459983 0.987843931
39317.812000 -0.295178264 -0.218522549 1.377645969 0.046550676 -0.144386306 0.014714848 0.988316357
39317.906000 -0.298098981 -0.220325708 1.388231158 0.050999872 -0.139636502 0.011508491 0.988821685
39317.984000 -0.294609904 -0.223553032 1.399906754 0.062670603 -0.142208472 0.011241107 0.987786829
39318.062000 -0.283861846 -0.229208186 1.411824942 0.061079159 -0.136360466 0.014592640 0.988666892
39318.156000 -0.290605962 -0.235530987 1.446493030 0.059327267 -0.127142563 0.017757477 0.989949346
39318.234000 -0.286641836 -0.235301107 1.464691401 0.059873652 -0.129411414 0.017348640 0.989629686
39318.312000 -0.289112926 -0.234419316 1.486355186 0.056979686 -0.127469227 0.013784542 0.990108550
39318.390000 -0.289244413 -0.237691149 1.507629514 0.055610728 -0.126339749 0.010570657 0.990370631
39318.468000 -0.290654093 -0.239477694 1.528200865 0.052105799 -0.124636114 0.011911975 0.990761817
39318.546000 -0.296150565 -0.238374561 1.572910666 0.054729152 -0.115886137 0.013843667 0.991656959
39318.640000 -0.303295404 -0.242040098 1.595384836 0.049077302 -0.110540800 0.016116396 0.992528319
39318.718000 -0.301697910 -0.244267672 1.613510728 0.046453990 -0.110788502 0.017313346 0.992606759
39318.812000 -0.311262339 -0.249708429 1.654197216 0.053135790 -0.109633669 0.013756851 0.992455482
39318.890000 -0.315581024 -0.251280665 1.675690293 0.053102374 -0.110156454 0.016046593 0.992365003
39318.968000 -0.317681700 -0.258996457 1.697280526 0.055162791 -0.109331533 0.017024444 0.992327511
39319.078000 -0.323919386 -0.264428407 1.717452526 0.058789659 -0.108625732 0.016801478 0.992200553
39319.171000 -0.328401744 -0.274710476 1.759143591 0.067518242 -0.104784697 0.014778065 0.992090285
39319.250000 -0.335217893 -0.280098975 1.777889609 0.066872105 -0.102936290 0.012804656 0.992354929
39319.343000 -0.348783553 -0.279617131 1.820859909 0.064233795 -0.101763248 0.011712794 0.992663622
39319.437000 -0.349935591 -0.285972446 1.836060405 0.060372926 -0.102668479 0.019338332 0.992693484
39319.515000 -0.353068560 -0.282351971 1.853555083 0.062951900 -0.101039283 0.015893359 0.992761552
39319.593000 -0.355491132 -0.284859359 1.863961220 0.062989943 -0.103448093 0.018101774 0.992473245
39319.687000 -0.361481935 -0.284028888 1.893614054 0.043622930 -0.109888405 0.016779911 0.992844403
39319.765000 -0.364424884 -0.284232676 1.909525633 0.042715997 -0.112147078 0.014094491 0.992673039
39319.843000 -0.367042243 -0.283523619 1.921875477 0.045720529 -0.115210064 0.013023114 0.992202938
39319.937000 -0.366476506 -0.285628110 1.934809327 0.048670121 -0.119436435 0.008183801 0.991614461
39320.062000 -0.369159520 -0.292609215 1.966102004 0.057628047 -0.128360987 0.006094004 0.990032971
39320.203000 -0.371962100 -0.304100245 2.004181385 0.055337224 -0.129856825 0.002239962 0.989984810
39320.281000 -0.376356989 -0.320536405 2.044096708 0.064609259 -0.129786804 -0.003679905 0.989427865
39320.375000 -0.376150697 -0.326768905 2.064269066 0.071365625 -0.133373871 -0.001947448 0.988491118
39320.453000 -0.375738859 -0.333053529 2.083455324 0.075969599 -0.138748869 -0.000465598 0.987409353
39320.531000 -0.380305201 -0.338716686 2.104856253 0.074295416 -0.139537528 -0.001732253 0.987424195
39320.609000 -0.384566456 -0.341034979 2.146025658 0.071238965 -0.144236207 -0.001472148 0.986974537
39320.703000 -0.388464779 -0.343364805 2.164714336 0.066674575 -0.142958835 0.000183140 0.987480223
39320.796000 -0.390493810 -0.346524119 2.185405970 0.065891698 -0.144794032 -0.002136421 0.987263083
39320.890000 -0.394195974 -0.352997571 2.215905666 0.055024050 -0.146992028 -0.003015744 0.987601459
39320.968000 -0.397502273 -0.354116738 2.232630730 0.055570673 -0.150355801 -0.004018544 0.987060726
39321.046000 -0.399004549 -0.353823692 2.246624470 0.050181236 -0.148113042 -0.000429349 0.987696409
39321.140000 -0.403488278 -0.356102496 2.264967918 0.051160015 -0.150292814 0.000288147 0.987316906
39321.203000 -0.415047407 -0.358428657 2.309381008 0.048826098 -0.149758026 -0.001826798 0.987514734
39321.296000 -0.422437906 -0.358434737 2.329984665 0.052506417 -0.149587870 -0.001966338 0.987351358
39321.390000 -0.427782506 -0.363697976 2.348046303 0.057569623 -0.147947848 -0.001881898 0.987316370
39321.484000 -0.440224767 -0.372525573 2.397645473 0.062801607 -0.138439640 -0.002735126 0.988373876
39321.562000 -0.441472709 -0.379275292 2.419435501 0.067281716 -0.136294305 -0.003214286 0.988375783
39321.656000 -0.450385988 -0.386334419 2.441893101 0.073779069 -0.135399416 -0.005832341 0.988023162
39321.734000 -0.455202341 -0.374427676 2.455603123 0.079324804 -0.137490138 -0.006865425 0.987297773
39321.812000 -0.477877170 -0.394680381 2.506726742 0.077656351 -0.137473598 -0.006504665 0.987435162
39321.890000 -0.484326363 -0.397317559 2.528523922 0.079357982 -0.137225673 -0.007087688 0.987330377
39321.984000 -0.494224995 -0.400399238 2.547131777 0.076607674 -0.136826605 -0.008712212 0.987589955
39322.062000 -0.501352012 -0.402624816 2.567788601 0.075111352 -0.139915183 -0.008320608 0.987275481
39322.156000 -0.520371199 -0.402246505 2.606678247 0.073800474 -0.148409128 -0.005277821 0.986154318
39322.218000 -0.528908968 -0.404729515 2.625612974 0.071961589 -0.156183630 -0.004365344 0.985093474
39322.312000 -0.536164165 -0.405856758 2.643531084 0.067980997 -0.158386752 -0.007396499 0.985006392
39322.375000 -0.537867129 -0.401365370 2.656371117 0.075987637 -0.165143698 -0.005525223 0.983322382
39322.484000 -0.540353119 -0.404291451 2.668602943 0.071883827 -0.169278562 -0.001392764 0.982942283
39322.546000 -0.546144009 -0.414659113 2.710418463 0.063958950 -0.174437225 -0.005657501 0.982572615
39322.640000 -0.545833051 -0.413419515 2.729568005 0.065288618 -0.176981583 -0.003474598 0.982040167
39322.718000 -0.549193203 -0.414683670 2.749594212 0.065819450 -0.177544415 -0.001666236 0.981907845
39322.796000 -0.550096631 -0.418583184 2.768634558 0.061900880 -0.173640028 -0.003342698 0.982856214
39322.875000 -0.547568858 -0.423116207 2.811158657 0.067196436 -0.166023120 0.007042380 0.983804524
39322.968000 -0.546772897 -0.426257670 2.831593513 0.064292051 -0.158551648 0.009162078 0.985212684
39323.046000 -0.547390461 -0.431821108 2.849903107 0.066330679 -0.151184022 0.011413814 0.986211658
39323.125000 -0.545098007 -0.433610886 2.867674112 0.070499085 -0.146365643 0.012901397 0.986630917
39323.203000 -0.545480788 -0.437817156 2.910219431 0.064572960 -0.136658028 0.017824281 0.988350749
39323.281000 -0.544613540 -0.438416779 2.931556702 0.063886344 -0.135840610 0.021187931 0.988441706
39323.359000 -0.545922399 -0.438779831 2.948869467 0.064754695 -0.136195421 0.022774959 0.988301098
39323.484000 -0.547101259 -0.438168705 2.967029333 0.062519617 -0.137536392 0.022785878 0.988259017
39323.562000 -0.552427649 -0.440432519 3.002748966 0.061746351 -0.144616410 0.026136074 0.987213492
39323.656000 -0.556379020 -0.435162723 3.018694401 0.060411036 -0.150487944 0.029972997 0.986309052
39323.750000 -0.560959041 -0.436120033 3.055953979 0.039177943 -0.141763046 0.033219378 0.988567054
39323.843000 -0.568000376 -0.439835370 3.073866606 0.033661295 -0.139629453 0.030635379 0.989157259
39323.921000 -0.570363879 -0.443422586 3.087623835 0.035901286 -0.141666368 0.030178744 0.988802850
39324.015000 -0.584090948 -0.445235193 3.118128538 0.039385188 -0.141009867 0.030623347 0.988750339
39324.093000 -0.591741621 -0.451614678 3.135427952 0.043478351 -0.135863528 0.027983291 0.989377439
39324.187000 -0.591361344 -0.450299799 3.153844118 0.040663850 -0.128967166 0.028418725 0.990407109
39324.265000 -0.601161838 -0.454658657 3.177221775 0.034393728 -0.114531517 0.025964536 0.992484510
39324.359000 -0.598144054 -0.455500364 3.195965528 0.053399950 -0.114171095 0.035283763 0.991397202
39324.437000 -0.597687125 -0.451623708 3.219452620 0.059249803 -0.111780807 0.034704041 0.991357744
39324.515000 -0.608015180 -0.462333232 3.239234209 0.062769741 -0.112805121 0.033511691 0.991066098
39324.609000 -0.617088556 -0.467121392 3.262406349 0.058477439 -0.112898052 0.034244284 0.991292953
39324.687000 -0.634609580 -0.477212667 3.298463345 0.058444310 -0.115864553 0.030832615 0.991064608
39324.781000 -0.643626451 -0.483499855 3.316948891 0.055467270 -0.115704969 0.028920969 0.991311967
39324.859000 -0.646261871 -0.486232132 3.337306023 0.051449206 -0.120003767 0.027316472 0.991062999
39324.937000 -0.664008677 -0.490292221 3.374091148 0.055393599 -0.126407743 0.027460694 0.990049779
39325.015000 -0.673131824 -0.490727663 3.391894579 0.059245132 -0.128238335 0.027122056 0.989600658
39325.109000 -0.680498958 -0.495661288 3.408688068 0.062875673 -0.128542304 0.026502375 0.989353895
39325.187000 -0.690928698 -0.501192570 3.424140930 0.058559876 -0.124336675 0.022417441 0.990256846
39325.265000 -0.702821851 -0.507446706 3.444728374 0.055678319 -0.125665262 0.025044510 0.990192354
39325.359000 -0.707922161 -0.504437327 3.464554548 0.056023296 -0.127309129 0.025622316 0.989948153
39325.437000 -0.710617721 -0.505892217 3.475718021 0.051397793 -0.128821716 0.024155004 0.990040302
39325.515000 -0.715033293 -0.506045103 3.484193802 0.050062664 -0.124945946 0.020439299 0.990688920
39325.609000 -0.720714390 -0.507815301 3.505770445 0.054501932 -0.132993832 0.024566790 0.989312232
39325.687000 -0.724867821 -0.510754347 3.515501261 0.053111866 -0.133960724 0.021749567 0.989323318
39325.781000 -0.725888968 -0.512580395 3.526549816 0.056004152 -0.135850921 0.022026809 0.988899887
39325.859000 -0.726407290 -0.516799390 3.540492296 0.063246921 -0.140655473 0.021571232 0.987800837
39325.953000 -0.730578840 -0.519993126 3.565548420 0.062124200 -0.142773613 0.017686302 0.987645447
39326.031000 -0.731219888 -0.520969808 3.579541206 0.060390890 -0.142961293 0.015821787 0.987757385
39326.109000 -0.736179888 -0.524847984 3.596356869 0.061303016 -0.147992089 0.020398362 0.986875951
39326.187000 -0.738887548 -0.523744881 3.612766027 0.059199039 -0.145732626 0.025366036 0.987225473
39326.265000 -0.747777224 -0.533261418 3.646894932 0.060270552 -0.151589572 0.025077313 0.986285567
39326.343000 -0.749903440 -0.535756767 3.664201021 0.056812592 -0.150741994 0.027152544 0.986565709
39326.421000 -0.753559828 -0.538528264 3.682630777 0.062353976 -0.153028905 0.027395504 0.985872030
39326.515000 -0.760123193 -0.542772472 3.704386950 0.057380836 -0.151416972 0.024074215 0.986509383
39326.609000 -0.766333282 -0.546368837 3.723849773 0.050513230 -0.150532633 0.022990648 0.987046003
39326.703000 -0.774370193 -0.547689319 3.766338348 0.053720430 -0.154899955 0.026881685 0.986102164
39326.781000 -0.779618859 -0.551073432 3.786777496 0.050263524 -0.154919490 0.027102096 0.986275315
39326.859000 -0.785218894 -0.549734116 3.804685593 0.043372627 -0.152976409 0.026680600 0.986917019
39326.937000 -0.793742895 -0.555329859 3.835098028 0.045948975 -0.157903135 0.022457099 0.986129284
39327.015000 -0.800085962 -0.557247281 3.849711180 0.049697954 -0.162382796 0.015967803 0.985346138
39327.093000 -0.806789815 -0.560539305 3.865823984 0.042544853 -0.167396724 0.013110316 0.984883964
39327.171000 -0.809279323 -0.560924947 3.881181240 0.040475510 -0.168148145 0.012350559 0.984852970
39327.250000 -0.813893795 -0.561833918 3.887712002 0.048390802 -0.171977282 0.016685506 0.983770192
39327.328000 -0.813442349 -0.565701485 3.898553848 0.048011299 -0.174823448 0.017811922 0.983267248
39327.406000 -0.820184648 -0.566270232 3.924855709 0.042847939 -0.172385484 0.016046315 0.983966410
39327.484000 -0.826987505 -0.565378368 3.940373182 0.044023808 -0.171539724 0.016286204 0.984058321
39327.546000 -0.833581865 -0.572644234 3.956444502 0.040007301 -0.169173613 0.017982179 0.984609783
39327.625000 -0.836017549 -0.569141865 3.973791838 0.045627732 -0.166129321 0.018418929 0.984875560
39327.703000 -0.845064163 -0.576627016 3.996693611 0.051285539 -0.164063126 0.020006843 0.984912634
39327.781000 -0.850158453 -0.577522874 4.016364574 0.055631239 -0.158052996 0.016397731 0.985725939
39327.875000 -0.856423616 -0.608325362 4.061589718 0.054683555 -0.161206052 0.019661862 0.985208452
39327.968000 -0.870911419 -0.591498971 4.076691151 0.061610576 -0.156465903 0.022150973 0.985511005
39328.046000 -0.874604344 -0.596123099 4.092533112 0.064254835 -0.155786857 0.021093808 0.985472918
39328.125000 -0.881870389 -0.598500967 4.114894390 0.059510335 -0.151057288 0.022475973 0.986476064
39328.203000 -0.886483550 -0.602251291 4.149538040 0.063900746 -0.145639017 0.029714752 0.986824751
39328.312000 -0.896525741 -0.607631803 4.161356926 0.065874510 -0.141479179 0.032989915 0.987195969
39328.406000 -0.900884509 -0.612062216 4.179972649 0.067044176 -0.140498921 0.033471301 0.987241030
39328.468000 -0.921834886 -0.619970202 4.209307671 0.069497958 -0.136689901 0.032289363 0.987645328
39328.562000 -0.928879976 -0.618031144 4.222724915 0.071061596 -0.134963274 0.029911539 0.987846434
39328.640000 -0.936250329 -0.618044078 4.234816551 0.068599351 -0.132169247 0.029041933 0.988424003
39328.734000 -0.944911480 -0.624234498 4.252505779 0.066059306 -0.130476698 0.030074671 0.988790929
39328.812000 -0.961687028 -0.620828032 4.276970863 0.064629145 -0.125925496 0.034434926 0.989333153
39328.875000 -0.968330026 -0.619001627 4.288815975 0.061500076 -0.126641557 0.034387384 0.989442885
39328.953000 -0.972375691 -0.619109631 4.300278187 0.056600511 -0.127769664 0.033391230 0.989624321
39329.031000 -0.977980196 -0.618420482 4.309150696 0.057454679 -0.129242480 0.034496032 0.989345968
39329.125000 -0.984202147 -0.622487664 4.321557522 0.060276780 -0.132287741 0.037587658 0.988662660
39329.218000 -0.993149936 -0.619130671 4.345930576 0.053955134 -0.133561626 0.034101650 0.988982916
39329.312000 -0.997118533 -0.622164905 4.358925819 0.054153744 -0.134238169 0.033694811 0.988894463
39329.406000 -0.999353588 -0.618514836 4.371820927 0.053962994 -0.134238765 0.033141669 0.988923490
39329.484000 -1.006969213 -0.624050736 4.407052040 0.056481171 -0.135138661 0.028455604 0.988806248
39329.562000 -1.010920167 -0.632346630 4.426367283 0.053585283 -0.134955972 0.027787406 0.989011347
39329.640000 -1.014150620 -0.632160544 4.448522091 0.052420035 -0.132179439 0.029443026 0.989400744
39329.718000 -1.017855644 -0.634992957 4.468679905 0.055352051 -0.131790504 0.030181674 0.989270687
39329.796000 -1.027455211 -0.646643102 4.513937950 0.054832913 -0.134437710 0.024635574 0.989097059
39329.875000 -1.028805614 -0.642895401 4.529927254 0.059689600 -0.137355357 0.027618896 0.988335907
39329.953000 -1.034279823 -0.653893828 4.552392960 0.062559001 -0.142158180 0.032852426 0.987318695
39330.046000 -1.037320733 -0.655848026 4.574390888 0.060358204 -0.142375842 0.035455249 0.987334311
39330.125000 -1.043868899 -0.662455738 4.594945431 0.062489692 -0.144636035 0.035460100 0.986872911
39330.203000 -1.052765131 -0.669871926 4.638625622 0.051551819 -0.144589946 0.033161104 0.987591267
39330.281000 -1.056739211 -0.669709861 4.663319111 0.051771011 -0.147161931 0.032609597 0.987218201
39330.359000 -1.056532979 -0.672897696 4.673752785 0.054069374 -0.152817860 0.031308964 0.986277342
39330.437000 -1.067019939 -0.671302319 4.693533897 0.054358941 -0.158028141 0.029679965 0.985490382
39330.531000 -1.071210861 -0.673261344 4.711577415 0.047865503 -0.159786403 0.028018842 0.985592306
39330.609000 -1.083557606 -0.675643265 4.742055893 0.044979978 -0.166442409 0.022489538 0.984767973
39330.687000 -1.091216683 -0.677946687 4.759500504 0.044365551 -0.168981269 0.017602779 0.984462917
39330.765000 -1.095126033 -0.674955726 4.778205395 0.036598496 -0.171835169 0.017898751 0.984282970
39330.843000 -1.097448230 -0.673686743 4.791898251 0.030661674 -0.170935720 0.020156449 0.984598696
39330.937000 -1.103856444 -0.669926107 4.808319569 0.038876500 -0.170040727 0.019939667 0.984467983
39331.015000 -1.121204376 -0.678652644 4.843102932 0.035880230 -0.162036672 0.017677598 0.985973775
39331.125000 -1.124239683 -0.679237545 4.861312866 0.040695783 -0.158303395 0.019618923 0.986356437
39331.187000 -1.135391235 -0.689211190 4.904707432 0.049886379 -0.150500223 0.027964529 0.986954451
39331.265000 -1.144431472 -0.693565071 4.925755978 0.051476747 -0.149000227 0.029454231 0.987057030
39331.375000 -1.152583122 -0.697127283 4.946024895 0.052394073 -0.149505213 0.027931342 0.986976624
39331.468000 -1.160710335 -0.698931336 4.969939709 0.045581494 -0.146902576 0.025330830 0.987775445
39331.562000 -1.176149130 -0.707550526 5.009588242 0.042027012 -0.145101070 0.025483482 0.988195360
39331.640000 -1.185916781 -0.710566521 5.024487495 0.045988798 -0.142457038 0.025886822 0.988393128
39331.734000 -1.192657828 -0.717537344 5.045966148 0.047603250 -0.140159950 0.025609957 0.988652289
39331.812000 -1.208941936 -0.724236369 5.079886913 0.049556360 -0.138857082 0.022850877 0.988807738
39331.890000 -1.222176909 -0.725488126 5.098368168 0.049161214 -0.138642952 0.021093447 0.988896608
39331.968000 -1.230898857 -0.733238757 5.114498138 0.050989244 -0.139071733 0.020017436 0.988766134
39332.062000 -1.241911650 -0.734372973 5.131583691 0.050017085 -0.138987869 0.018352501 0.988859892
39332.140000 -1.257113814 -0.738594234 5.162472725 0.048418842 -0.146333650 0.018145856 0.987882972
39332.218000 -1.269447088 -0.739926279 5.178911209 0.048485797 -0.150870278 0.014145749 0.987262487
39332.296000 -1.275977373 -0.742031217 5.191609859 0.044509511 -0.155669704 0.012448501 0.986727357
39332.390000 -1.280509353 -0.743888259 5.204098225 0.046301156 -0.161392152 0.009995071 0.985753000
39332.468000 -1.294248939 -0.747912288 5.232321262 0.043650072 -0.172261238 0.005056827 0.984070718
39332.562000 -1.301179767 -0.747726917 5.245167732 0.036110740 -0.171600401 0.002536308 0.984501362
39332.640000 -1.303818583 -0.745774329 5.265381336 0.037055112 -0.177173033 0.006852876 0.983458042
39332.718000 -1.306503892 -0.749630332 5.280769825 0.043597415 -0.182921365 0.010243658 0.982106984
39332.796000 -1.319396138 -0.753111839 5.312551498 0.048040368 -0.184905499 0.009366649 0.981536746
39332.875000 -1.320486069 -0.754869342 5.331394672 0.048466444 -0.185967967 0.009867428 0.981310129
39332.953000 -1.327705860 -0.763661861 5.354371548 0.051830713 -0.185228527 0.010275976 0.981273890
39333.031000 -1.332957983 -0.769547343 5.378096581 0.056012835 -0.183909327 0.012656226 0.981264353
39333.109000 -1.335711598 -0.772931397 5.399979591 0.061165895 -0.184550330 0.012638732 0.980836511
39333.203000 -1.343120575 -0.773998141 5.424208164 0.053551193 -0.182020575 0.013071664 0.981748402
39333.281000 -1.348427773 -0.780462384 5.467201233 0.060097866 -0.183456182 0.016080895 0.981057346
39333.359000 -1.357422948 -0.779904485 5.489723206 0.051613491 -0.181473166 0.016266514 0.981905758
39333.453000 -1.360728025 -0.781126499 5.511045456 0.052028216 -0.182912499 0.014765742 0.981640518
39333.531000 -1.355772614 -0.783204854 5.532571793 0.051140353 -0.187866837 0.012728056 0.980779648
39333.640000 -1.364490032 -0.789002061 5.570329189 0.037311759 -0.188460216 0.010031382 0.981320560
39333.734000 -1.371137857 -0.789758801 5.584844589 0.039124638 -0.187120125 0.011053730 0.981495380
39333.812000 -1.370664120 -0.792920947 5.614736080 0.035712417 -0.180319101 0.010566674 0.982902825
39333.890000 -1.369339824 -0.794421852 5.630394936 0.039223351 -0.178510875 0.010156969 0.983103395
39333.984000 -1.372479200 -0.793871820 5.651357651 0.037570227 -0.175380602 0.008279591 0.983748734
39334.062000 -1.373844981 -0.793271363 5.667870045 0.037851915 -0.175012141 0.010856920 0.983778477
39334.156000 -1.384827614 -0.802562475 5.709065914 0.040802434 -0.167576015 0.018435789 0.984841883
39334.234000 -1.384626865 -0.805328250 5.729912758 0.048107866 -0.164639980 0.018712351 0.985002100
39334.328000 -1.388234138 -0.807703197 5.749014854 0.052172173 -0.164164409 0.022633705 0.984792292
39334.421000 -1.401484847 -0.818614125 5.797159195 0.052475411 -0.158525079 0.027474903 0.985576630
39334.500000 -1.406713128 -0.825098932 5.818862915 0.054662298 -0.159009248 0.029925728 0.985308349
39334.578000 -1.414955735 -0.829846084 5.841544628 0.051323179 -0.156257346 0.027098801 0.986009777
39334.656000 -1.422189593 -0.833785474 5.863868713 0.052667633 -0.153571218 0.028466010 0.986322284
39334.750000 -1.436520219 -0.841641426 5.902980328 0.052858960 -0.152352184 0.027434066 0.986530364
39334.828000 -1.442692161 -0.844137490 5.922541142 0.051035728 -0.150529444 0.028323907 0.986880958
39334.921000 -1.449226499 -0.842372715 5.938619137 0.056453820 -0.149425492 0.030222859 0.986697316
39335.015000 -1.464466929 -0.849422693 5.975202560 0.059605371 -0.142234370 0.033262648 0.987476766
39335.093000 -1.468407273 -0.848905325 5.992236137 0.060860440 -0.140915155 0.034859601 0.987534225
39335.187000 -1.476881742 -0.850763619 6.009988308 0.059268203 -0.137978867 0.035690147 0.988015890
39335.281000 -1.482885242 -0.854556441 6.040186882 0.060835827 -0.137511998 0.036222097 0.987966299
39335.359000 -1.490221024 -0.851936638 6.063192844 0.055336442 -0.140202835 0.035459008 0.987939119
39335.437000 -1.494680643 -0.855712295 6.079259872 0.052436456 -0.141999379 0.033746641 0.987900674
39335.531000 -1.499606848 -0.856715322 6.096140385 0.052944921 -0.145569652 0.032515224 0.987395108
39335.609000 -1.507005692 -0.859683812 6.135861874 0.048059970 -0.154646456 0.030226205 0.986337245
39335.687000 -1.512645125 -0.860789299 6.153048992 0.052061062 -0.157906607 0.029913038 0.985626936
39335.765000 -1.514942765 -0.862889409 6.172387600 0.050004128 -0.160276487 0.031162255 0.985312164
39335.859000 -1.514125109 -0.868368924 6.192105770 0.051066257 -0.160512149 0.033225141 0.985151827
39335.937000 -1.517558217 -0.875252068 6.234172821 0.046770401 -0.156817511 0.032544117 0.985982597
39336.015000 -1.517648816 -0.881776989 6.254871368 0.052021768 -0.157509267 0.034607965 0.985538840
39336.109000 -1.519077420 -0.890834928 6.273923874 0.054765720 -0.160238460 0.035389334 0.984922349
39336.203000 -1.522318125 -0.890443325 6.297257900 0.049561307 -0.156606451 0.035934631 0.985762060
39336.296000 -1.524641395 -0.903138697 6.342015743 0.057271887 -0.162578791 0.032148749 0.984507263
39336.375000 -1.531619191 -0.904012799 6.360933304 0.056304291 -0.164748937 0.031447344 0.984224916
39336.484000 -1.532164216 -0.904417157 6.381066799 0.058145516 -0.168508455 0.031381633 0.983483195
39336.562000 -1.532858372 -0.911149621 6.421144485 0.056300044 -0.174260259 0.031314172 0.982590020
39336.640000 -1.536085367 -0.911731184 6.436579704 0.056001425 -0.177402809 0.027406998 0.982161403
39336.718000 -1.540730476 -0.913412869 6.454133034 0.049682721 -0.179173931 0.024926567 0.982245922
39336.812000 -1.544417262 -0.908196449 6.482485294 0.043766018 -0.182829157 0.026942654 0.981800497
39336.890000 -1.544625044 -0.910570443 6.492570400 0.046044193 -0.183423460 0.025006952 0.981636703
39336.968000 -1.545465469 -0.913076282 6.508382797 0.044858459 -0.189712241 0.022791602 0.980549634
39337.062000 -1.551370978 -0.908237278 6.523481369 0.033896875 -0.191530094 0.021562435 0.980664194
39337.140000 -1.561248183 -0.906149805 6.557763577 0.042521626 -0.194130257 0.026241237 0.979702353
39337.234000 -1.560872555 -0.912326217 6.572294235 0.042818405 -0.193682551 0.026005585 0.979784369
39337.328000 -1.564204454 -0.915300906 6.595445156 0.043775722 -0.193576187 0.024449030 0.979803145
39337.406000 -1.574857712 -0.920514941 6.639975071 0.045502637 -0.191373363 0.024793187 0.980148494
39337.484000 -1.580350995 -0.926160455 6.661930084 0.049777355 -0.184647083 0.022766683 0.981279433
39337.562000 -1.583037138 -0.931002617 6.686251640 0.053530958 -0.184690535 0.025159508 0.981015205
39337.656000 -1.587023616 -0.938392639 6.710279942 0.052895114 -0.182128832 0.023024160 0.981580913
39337.734000 -1.592563629 -0.943667054 6.730543613 0.053531513 -0.180745766 0.021915318 0.981827438
39337.875000 -1.609666824 -0.952939451 6.793390751 0.056795727 -0.181895241 0.025363274 0.981348634
39337.968000 -1.615100503 -0.958147585 6.815914154 0.060244177 -0.181009695 0.024749108 0.981322408
39338.062000 -1.622943759 -0.959276319 6.836948872 0.062369332 -0.180341318 0.024716934 0.981313527
39338.531000 -1.672696114 -0.974020958 6.966655254 0.056394368 -0.197339103 0.022756619 0.978447318
39338.687000 -1.687626600 -0.975695491 7.000005722 0.055821937 -0.208455145 0.016206393 0.976303101
39338.781000 -1.691403985 -0.979012966 7.016007423 0.053871557 -0.215950042 0.013203761 0.974827707
39338.859000 -1.697493315 -0.977798522 7.038991928 0.054490503 -0.219653517 0.011332082 0.973989069
39338.937000 -1.704576373 -0.984679937 7.079489231 0.064074628 -0.227479160 0.011634444 0.971602976
39339.015000 -1.709932804 -0.990725338 7.102216244 0.061537456 -0.228426278 0.011691221 0.971544087
39339.078000 -1.710723639 -0.997202754 7.124779701 0.060334831 -0.229843944 0.014077729 0.971253455
39339.171000 -1.711187243 -1.001551509 7.146291733 0.058326375 -0.227964267 0.015553838 0.971796513
39339.250000 -1.714068651 -1.009483814 7.167466640 0.062934056 -0.227447748 0.018351115 0.971581221
39339.328000 -1.700435162 -1.002718210 7.170178890 0.067449704 -0.230917364 0.018672230 0.970453024
39339.578000 -1.722034216 -1.018237948 7.253421307 0.066645890 -0.235607505 0.020390471 0.969346046
39339.671000 -1.722256064 -1.020867705 7.270488739 0.063627325 -0.236893281 0.018645998 0.969270587
39339.765000 -1.729973674 -1.020506859 7.301278591 0.068574667 -0.239307582 0.019751856 0.968317747
39339.843000 -1.728333712 -1.023318410 7.314143658 0.065542482 -0.240577459 0.018312549 0.968241394
39339.921000 -1.725884795 -1.021876216 7.328558922 0.065434068 -0.240765840 0.013550745 0.968280256
39340.015000 -1.730173826 -1.025825381 7.351751328 0.069021210 -0.244434118 0.012028521 0.967131495
39340.093000 -1.731563091 -1.027096152 7.360205173 0.068684824 -0.245255232 0.010643959 0.966963768
39340.187000 -1.732756257 -1.028263688 7.372567654 0.068150088 -0.249207705 0.011119473 0.965985239
39340.265000 -1.737977624 -1.031889677 7.385819435 0.065140657 -0.252883941 0.009490934 0.965254545
39340.343000 -1.746289730 -1.034528852 7.411102295 0.059551921 -0.257358581 0.008183266 0.964444458
39340.421000 -1.750608563 -1.034487009 7.425582886 0.059466220 -0.257617831 0.007682984 0.964384675
39340.515000 -1.753515005 -1.037271500 7.440819740 0.058083795 -0.256880313 0.008174703 0.964661598
39340.593000 -1.758221984 -1.035723805 7.457526684 0.058859158 -0.255834520 0.008644972 0.964888394
39340.687000 -1.769885540 -1.032880783 7.497730255 0.062021319 -0.254500777 0.012633951 0.964999020
39340.765000 -1.776208878 -1.038418531 7.518512249 0.065586142 -0.249728695 0.011237911 0.966026783
39340.953000 -1.794967651 -1.053302288 7.579125404 0.065948837 -0.245252907 0.013511887 0.967119038
39341.046000 -1.801492214 -1.060313463 7.597458363 0.072742224 -0.243810922 0.010872880 0.967029810
39341.125000 -1.818612814 -1.071373582 7.636068821 0.073586963 -0.244997725 0.012177334 0.966650307
39341.218000 -1.825891614 -1.077238560 7.656006336 0.077053204 -0.244205073 0.014645808 0.966546595
39341.375000 -1.837826848 -1.078276992 7.690216541 0.084934145 -0.241992250 0.020524010 0.966335714
39341.453000 -1.844383359 -1.084547997 7.709101200 0.084972732 -0.239769042 0.021261305 0.966870487
39341.546000 -1.856866360 -1.087373257 7.741413116 0.080788180 -0.232398629 0.024038980 0.968961477
39341.625000 -1.859622598 -1.084963918 7.756606579 0.079134628 -0.229298174 0.029082531 0.969698012
39341.703000 -1.863370657 -1.085435152 7.769617558 0.072766609 -0.227103606 0.031707570 0.970630527
39341.781000 -1.865241408 -1.081411958 7.782852173 0.068372175 -0.222615302 0.032454479 0.971964240
39341.859000 -1.869200826 -1.082434416 7.797443867 0.071148150 -0.218182415 0.033583656 0.972731471
39341.937000 -1.871545315 -1.080114484 7.827068329 0.067184828 -0.216068387 0.037589122 0.973338485
39342.015000 -1.873448372 -1.083237171 7.842486382 0.064167112 -0.216467887 0.036872789 0.973480701
39342.093000 -1.874314785 -1.079138994 7.864056587 0.063318722 -0.218355000 0.037542626 0.973089159
39342.171000 -1.879900098 -1.077532053 7.882945061 0.063699819 -0.218455568 0.036718190 0.973073184
39342.265000 -1.878395915 -1.078317404 7.905037403 0.066352159 -0.220614657 0.035740446 0.972444952
39342.343000 -1.882156968 -1.087126017 7.944494247 0.066860631 -0.220726907 0.039283380 0.972248018
39342.421000 -1.886660814 -1.092307568 7.969320774 0.072551198 -0.218390092 0.037500117 0.972438157
39342.500000 -1.892594337 -1.101307034 7.990505219 0.066385701 -0.213663772 0.035166617 0.974014401
39342.593000 -1.893567204 -1.109329820 8.010703087 0.067018233 -0.211924151 0.033145022 0.974421978
39342.671000 -1.893402576 -1.120633364 8.055208206 0.073527046 -0.209064558 0.035384335 0.974491537
39342.750000 -1.898364305 -1.126369238 8.078726768 0.071518391 -0.206943735 0.034229711 0.975134730
39342.843000 -1.902232051 -1.129558563 8.103001595 0.073755547 -0.204680517 0.034401439 0.975439668
39342.921000 -1.902936459 -1.136638284 8.118378639 0.073727444 -0.203645542 0.034965929 0.975638330
39343.000000 -1.915280342 -1.138698578 8.162678719 0.066976242 -0.206487745 0.036156964 0.975484431
39343.078000 -1.926352382 -1.133260846 8.180150032 0.060902748 -0.210105687 0.033709534 0.975197494
39343.156000 -1.935078382 -1.131886601 8.198801041 0.062835895 -0.212199435 0.029026249 0.974772096
39343.234000 -1.941139579 -1.129135847 8.213312149 0.061599176 -0.220229626 0.031331152 0.972996891
39343.328000 -1.950348258 -1.131384969 8.227833748 0.054362319 -0.221691787 0.030617800 0.973118722
39343.406000 -1.963430166 -1.137163162 8.250226974 0.056466244 -0.227443412 0.026612928 0.971788466
39343.484000 -1.969365597 -1.140482664 8.266841888 0.045361739 -0.226236835 0.018696772 0.972835898
39343.562000 -1.975812912 -1.137678146 8.284830093 0.041152637 -0.224997029 0.015522921 0.973366261
39343.656000 -1.984943748 -1.141158223 8.303085327 0.044741750 -0.223823413 0.014735819 0.973490715
39343.734000 -2.004297733 -1.141514063 8.343686104 0.052262951 -0.216003612 0.013807676 0.974895060
39343.812000 -2.010031939 -1.144446731 8.360596657 0.052818421 -0.208915934 0.016353944 0.976369262
39343.890000 -2.017601967 -1.149934053 8.381534576 0.064408198 -0.204851985 0.021569099 0.976433337
39343.968000 -2.028946877 -1.156021118 8.404000282 0.064297244 -0.203617513 0.029852569 0.976480782
39344.046000 -2.035284281 -1.157753587 8.421419144 0.066730596 -0.200774640 0.029229103 0.976924896
39344.125000 -2.044250011 -1.162463307 8.441986084 0.068757527 -0.199955806 0.030440269 0.976915300
39344.218000 -2.056885719 -1.175597787 8.474788666 0.063984536 -0.196787372 0.036493950 0.977675259
39344.296000 -2.067732811 -1.177922964 8.488372803 0.071827978 -0.195970476 0.038438134 0.977219999
39344.390000 -2.086294174 -1.176539779 8.507842064 0.071229860 -0.195745155 0.037292220 0.977353275
39344.484000 -2.112124920 -1.174845338 8.539758682 0.061818983 -0.197641656 0.033635885 0.977744758
39344.562000 -2.125709057 -1.176516533 8.552193642 0.058180664 -0.196537435 0.033074118 0.978209734
39344.640000 -2.133544207 -1.176421165 8.562814713 0.061182797 -0.195644051 0.033002850 0.978208005
39344.734000 -2.138480902 -1.177129388 8.575045586 0.061733492 -0.199209183 0.037357382 0.977296829
39344.812000 -2.152072191 -1.183631420 8.597245216 0.064326227 -0.202342600 0.035589468 0.976551592
39344.890000 -2.160134077 -1.184261203 8.610389709 0.059795886 -0.201159656 0.033099405 0.977171302
39344.968000 -2.167076588 -1.186105251 8.627526283 0.053206235 -0.200646445 0.031678047 0.977704823
39345.062000 -2.168559551 -1.182705164 8.642850876 0.050819729 -0.201321527 0.031832997 0.977687955
39345.140000 -2.174830675 -1.183972120 8.681356430 0.055735793 -0.202264711 0.040787239 0.976892471
39345.218000 -2.179534435 -1.188066602 8.701330185 0.053387597 -0.200735688 0.036495440 0.977508605
39345.296000 -2.185598850 -1.193197846 8.722407341 0.053097140 -0.201267362 0.036175121 0.977427006
39345.390000 -2.188370705 -1.197467446 8.742775917 0.054319009 -0.200097099 0.040791627 0.977418363
39345.468000 -2.193315744 -1.205153704 8.761291504 0.062618420 -0.201157153 0.044284780 0.976551950
39345.546000 -2.200396538 -1.213519573 8.807595253 0.060224514 -0.198787376 0.041006416 0.977330565
39345.640000 -2.203850031 -1.223371029 8.829189301 0.061452098 -0.198368490 0.040309817 0.977368295
39345.718000 -2.209659576 -1.227812529 8.849217415 0.064229883 -0.197526634 0.041759349 0.977299273
39345.812000 -2.209895849 -1.238257051 8.875494003 0.066049613 -0.198857740 0.042812806 0.976862371
39345.906000 -2.230055332 -1.240011096 8.907114029 0.063358195 -0.199143872 0.038590215 0.977158248
39346.000000 -2.233795166 -1.239821911 8.924081802 0.064656034 -0.201655358 0.037731733 0.976591587
39346.078000 -2.245716095 -1.235140204 8.955489159 0.062747933 -0.205401331 0.032778252 0.976114035
39346.156000 -2.249381304 -1.232117772 8.969364166 0.059069406 -0.214356616 0.034080468 0.974371910
39346.234000 -2.253882885 -1.234084249 8.986267090 0.042841785 -0.217032015 0.033526048 0.974647462
39346.312000 -2.257537842 -1.231052518 8.994899750 0.041312918 -0.216146350 0.033253811 0.974919617
39346.390000 -2.267473936 -1.233897686 9.010984421 0.046121754 -0.218311414 0.030827092 0.974301100
39346.484000 -2.268178225 -1.236009002 9.025749207 0.043947246 -0.217856258 0.026941324 0.974618673
39346.562000 -2.271208286 -1.235287309 9.033185005 0.046677817 -0.219059899 0.027031081 0.974219322
39346.656000 -2.275104284 -1.237270474 9.041126251 0.047333524 -0.218058631 0.025214512 0.974461019
39346.734000 -2.284476757 -1.238775611 9.065941811 0.045621872 -0.216578156 0.023854245 0.974906921
39346.828000 -2.289351225 -1.238809109 9.079392433 0.044659875 -0.214306429 0.023775734 0.975455284
39346.906000 -2.294729710 -1.240073681 9.100492477 0.042019080 -0.214392602 0.024051389 0.975546896
39347.000000 -2.301365376 -1.243294120 9.113744736 0.046064295 -0.210502639 0.023946106 0.976213813
39347.093000 -2.306456566 -1.253928423 9.147959709 0.056298986 -0.210100785 0.025063941 0.975735605
39347.171000 -2.314441442 -1.258205056 9.167876244 0.058659654 -0.207433164 0.023590138 0.976203918
39347.265000 -2.323642254 -1.265393257 9.188335419 0.063073352 -0.206280440 0.021512881 0.976220965
39347.343000 -2.343345404 -1.267028689 9.228133202 0.066004567 -0.203927562 0.024881614 0.976441443
39347.453000 -2.349322319 -1.273876786 9.247446060 0.055567589 -0.204623774 0.027422646 0.976877391
39347.531000 -2.361699343 -1.276854634 9.266427994 0.055079982 -0.199471474 0.025206439 0.978029668
39347.609000 -2.368353367 -1.281222105 9.281763077 0.061574433 -0.198629260 0.024834728 0.977823257
39347.703000 -2.388145685 -1.288975239 9.310855865 0.069255307 -0.195373684 0.024417650 0.977975786
39347.796000 -2.398208380 -1.293914080 9.323811531 0.074314356 -0.194405213 0.024777137 0.977788389
39347.875000 -2.407588959 -1.297776818 9.337409973 0.076429032 -0.194405243 0.024944054 0.977621138
39347.953000 -2.428357840 -1.301620007 9.365505219 0.081085078 -0.194916070 0.024336778 0.977159500
39348.046000 -2.434122801 -1.305847883 9.371400833 0.080903970 -0.198067009 0.024910176 0.976526260
39348.125000 -2.443152189 -1.306987524 9.383374214 0.080615230 -0.198328391 0.025114764 0.976491868
39348.218000 -2.451301575 -1.309141636 9.394552231 0.081006534 -0.201957032 0.026593419 0.975676239
39348.296000 -2.464310169 -1.310749650 9.412663460 0.071916379 -0.207251966 0.021443065 0.975404978
39348.375000 -2.469875097 -1.309283137 9.421851158 0.072603866 -0.211119488 0.020758921 0.974539042
39348.453000 -2.478966475 -1.312775612 9.431324005 0.069943719 -0.213743448 0.019543618 0.974186718
39348.531000 -2.484302998 -1.308538914 9.444250107 0.068530254 -0.215386853 0.019721041 0.973921597
39348.625000 -2.497121096 -1.311560512 9.472842216 0.070540257 -0.219021633 0.019863572 0.972964048
39348.703000 -2.503260851 -1.310422182 9.490341187 0.068517111 -0.220059782 0.018357057 0.972903967
39348.796000 -2.511858940 -1.311599016 9.508721352 0.072806902 -0.221511245 0.017836908 0.972272515
39348.875000 -2.521374702 -1.317870617 9.529750824 0.073437460 -0.221265063 0.021999411 0.972195864
39348.968000 -2.534043789 -1.325572729 9.569622040 0.079763509 -0.222788393 0.034166269 0.970997334
39349.046000 -2.544969082 -1.328725100 9.590828896 0.079173073 -0.223804340 0.036058381 0.970743537
39349.140000 -2.553709984 -1.334208369 9.613918304 0.074259847 -0.222721547 0.035087805 0.971416175
39349.234000 -2.569412231 -1.343972564 9.653175354 0.083560444 -0.222126976 0.041055188 0.970562637
39349.343000 -2.579750061 -1.348353386 9.669104576 0.085534945 -0.221405640 0.039809030 0.970607340
39349.437000 -2.602382898 -1.355295181 9.709649086 0.079424731 -0.222561195 0.030849639 0.971188247
39349.515000 -2.609471798 -1.352038503 9.729312897 0.074583471 -0.224646419 0.030342437 0.971107960
39349.609000 -2.618217468 -1.351126552 9.743660927 0.073271893 -0.226043597 0.032123428 0.970826268
39349.687000 -2.628093481 -1.353458047 9.765096664 0.069068275 -0.231225148 0.031729713 0.969926715
39349.765000 -2.632509708 -1.352388740 9.777098656 0.059410486 -0.232846230 0.031450696 0.970187545
39349.859000 -2.637824297 -1.351699591 9.787156105 0.064240508 -0.233765766 0.030597912 0.969685793
39349.953000 -2.638794661 -1.353928685 9.795795441 0.066827640 -0.236249715 0.028941758 0.968959510
39350.031000 -2.644977808 -1.352689981 9.814004898 0.060935147 -0.236809164 0.026648900 0.969277143
39350.109000 -2.647878408 -1.355991006 9.823317528 0.066141389 -0.241757840 0.029624626 0.967626452
39350.203000 -2.657601833 -1.358243108 9.838301659 0.058587644 -0.240117386 0.026889719 0.968601108
39350.265000 -2.658738852 -1.358258843 9.850280762 0.053353932 -0.240459979 0.024049871 0.968893170
39350.343000 -2.664603710 -1.361507654 9.862663269 0.057003867 -0.239699051 0.021973306 0.968923151
39350.421000 -2.668694496 -1.365575910 9.889926910 0.058568560 -0.235176072 0.018225776 0.970015347
39350.578000 -2.679027796 -1.374435902 9.924191475 0.066885516 -0.235330611 0.018288929 0.969438732
39350.671000 -2.685076714 -1.376036406 9.941837311 0.065206334 -0.233766437 0.015995963 0.969971955
39350.750000 -2.695864201 -1.383541346 9.960577965 0.069889180 -0.233854815 0.015930315 0.969625533
39350.828000 -2.706831694 -1.387454271 9.994864464 0.078815453 -0.231257632 0.014594906 0.969585001
39350.906000 -2.715750217 -1.396126986 10.014657974 0.082970969 -0.230054855 0.013238119 0.969543874
39350.984000 -2.725941658 -1.402785540 10.037199974 0.087171748 -0.228171647 0.009793549 0.969661236
39351.078000 -2.726102352 -1.388142467 10.040218353 0.088103257 -0.225587398 0.011616390 0.970161438
39351.171000 -2.750493526 -1.422039866 10.092176437 0.095289305 -0.217922181 0.020350603 0.971090019
39351.250000 -2.759622335 -1.428420663 10.108978271 0.096255168 -0.215515390 0.021344045 0.971510470
39351.343000 -2.767016411 -1.428539991 10.122165680 0.097411506 -0.215932935 0.022318911 0.971280575
39351.437000 -2.785695791 -1.428562999 10.149837494 0.096175551 -0.216277242 0.026780939 0.971214294
39351.515000 -2.794829369 -1.429467797 10.159405708 0.099037580 -0.218050048 0.031008361 0.970404148
39351.609000 -2.804341555 -1.435207844 10.172833443 0.098467194 -0.218809575 0.032611486 0.970238686
39351.703000 -2.773904800 -1.469123006 10.147688866 0.088593468 -0.226515487 0.030847138 0.969479501
39351.796000 -2.821190119 -1.433300734 10.196400642 0.090745434 -0.225812793 0.029522169 0.969485581
39351.890000 -2.823786020 -1.429399490 10.202383041 0.094085865 -0.229588732 0.033746164 0.968141556
39351.968000 -2.838049412 -1.454041719 10.243154526 0.084673941 -0.232626483 0.024982285 0.968551099
39352.078000 -2.839734077 -1.437053561 10.242222786 0.082155257 -0.234328493 0.025207706 0.968351841
39352.156000 -2.845077038 -1.434421182 10.264600754 0.082824379 -0.236699089 0.028173933 0.967636228
39352.312000 -2.851756811 -1.437409282 10.295388222 0.088960461 -0.242017642 0.033597704 0.965600729
39352.406000 -2.856463432 -1.437621593 10.310478210 0.090605229 -0.241928011 0.039436147 0.965249419
39352.484000 -2.867949724 -1.445466995 10.342248917 0.090267368 -0.244209960 0.036691278 0.964814544
39352.671000 -2.877744913 -1.449975371 10.373161316 0.095714144 -0.248798773 0.038327284 0.963051915
39352.765000 -2.892961264 -1.459609985 10.413784027 0.087581299 -0.249589428 0.030543884 0.963899255
39352.937000 -2.901206970 -1.463518620 10.447683334 0.088964634 -0.248878181 0.031804301 0.963915706
39353.109000 -2.918158293 -1.478233337 10.502584457 0.088050269 -0.248934850 0.024875371 0.964188695
39353.203000 -2.923556566 -1.479807377 10.520915031 0.091961190 -0.251085907 0.022718137 0.963318765
39353.296000 -2.933101654 -1.485280871 10.556653976 0.080891013 -0.250778705 0.018351318 0.964484334
39353.390000 -2.943466187 -1.484159231 10.569594383 0.090071239 -0.251088679 0.022896606 0.963492334
39353.484000 -2.944217682 -1.486369848 10.581160545 0.094325237 -0.254364967 0.024107356 0.962195456
39353.562000 -2.953354836 -1.485636473 10.602336884 0.077960223 -0.264489025 0.023696745 0.960940301
39353.671000 -2.963917971 -1.483550906 10.613418579 0.075596422 -0.269035727 0.024516419 0.959845781
39353.750000 -2.953552485 -1.468022585 10.613307953 0.072347648 -0.273577154 0.020560641 0.958904922
39353.828000 -3.000013113 -1.498637438 10.659300804 0.066038042 -0.274606168 0.016992413 0.959135950
39353.906000 -2.995104313 -1.484700918 10.672039032 0.066649891 -0.274122745 0.018423742 0.959205449
39353.984000 -3.013476849 -1.499646664 10.691658020 0.066412456 -0.269518644 0.020261688 0.960488737
39354.078000 -3.011767864 -1.483079672 10.708801270 0.072755985 -0.265029848 0.021817869 0.961243927
39354.171000 -3.025910139 -1.493517041 10.744014740 0.082810856 -0.254835069 0.030392565 0.962952614
39354.265000 -3.034440994 -1.498652458 10.765681267 0.081550285 -0.251484334 0.034594309 0.963799000
39354.343000 -3.042278528 -1.508340359 10.783669472 0.088805988 -0.249603286 0.032989964 0.963702977
39354.421000 -3.059401512 -1.514542341 10.813573837 0.088245146 -0.248145744 0.028967233 0.964260042
39354.484000 -3.071272612 -1.525987864 10.829173088 0.089162156 -0.249009371 0.028304577 0.963972688
39354.578000 -3.082236767 -1.529803038 10.844988823 0.093568139 -0.247574538 0.025252808 0.964009464
39354.656000 -3.092239380 -1.532750130 10.856906891 0.096607924 -0.247353598 0.024432497 0.963787436
39355.843000 -3.219910383 -1.549776554 11.062515259 0.083188757 -0.269981980 0.016951866 0.959115207
39356.093000 -3.239210129 -1.562849045 11.127021790 0.090125732 -0.279560268 0.017358646 0.955731153
39356.187000 -3.243173599 -1.569591403 11.147752762 0.094955638 -0.281667531 0.022274118 0.954542160
39356.265000 -3.246686220 -1.574327230 11.166643143 0.096529521 -0.282773644 0.022626262 0.954048872
39356.359000 -3.254126310 -1.579679847 11.183318138 0.098222949 -0.281628191 0.021659261 0.954237282
39356.468000 -3.262052536 -1.586169124 11.221097946 0.095560633 -0.285477817 0.025486249 0.953268588
39356.546000 -3.268623352 -1.589196086 11.237868309 0.093188234 -0.285994768 0.022226183 0.953430116
39356.640000 -3.276739836 -1.599148750 11.272172928 0.091759689 -0.287087560 0.020039938 0.953288734
39356.734000 -3.282763481 -1.601442337 11.287459373 0.091970213 -0.287386358 0.020670298 0.953164935
39356.812000 -3.288394928 -1.606133103 11.301631927 0.090142362 -0.286990196 0.021949312 0.953430295
39356.906000 -3.296613455 -1.606231332 11.328722000 0.087709405 -0.284936786 0.025392089 0.954187274
39357.000000 -3.298784256 -1.611301541 11.342369080 0.088850521 -0.282273799 0.028494274 0.954785466
39357.078000 -3.299443722 -1.615866661 11.355977058 0.091089144 -0.278946429 0.030711321 0.955483377
39357.187000 -3.307083607 -1.616039515 11.382736206 0.095336080 -0.271928906 0.031034760 0.957080245
39357.281000 -3.307655573 -1.616567016 11.394862175 0.093768664 -0.269349009 0.032469567 0.957916737
39357.390000 -3.316545248 -1.614221096 11.416542053 0.092729695 -0.262638867 0.035449546 0.959773660
39357.468000 -3.320159197 -1.611577988 11.429284096 0.088407405 -0.258450478 0.035168950 0.961327612
39357.546000 -3.323111296 -1.613402605 11.438766479 0.084588043 -0.254840493 0.033576220 0.962691009
39357.640000 -3.328038216 -1.615145206 11.459581375 0.074372172 -0.256283253 0.025865383 0.963389158
39357.734000 -3.336723089 -1.615350962 11.473472595 0.070992306 -0.258387566 0.023646494 0.963139057
39357.828000 -3.346289396 -1.616049409 11.486555099 0.070364140 -0.260414213 0.023862882 0.962633848
39357.921000 -3.365001917 -1.617173433 11.520494461 0.065059274 -0.259592175 0.021633707 0.963281453
39358.015000 -3.374001265 -1.618194342 11.537305832 0.065761134 -0.259253711 0.021936549 0.963318169
39358.093000 -3.382560730 -1.621575356 11.551700592 0.069760025 -0.256365985 0.021504268 0.963819265
39358.187000 -3.399617672 -1.629465103 11.591943741 0.066467799 -0.249635771 0.017820489 0.965891540
39358.265000 -3.408051252 -1.632869005 11.612518311 0.065044247 -0.250998259 0.021796897 0.965553761
39358.343000 -3.418404818 -1.637294769 11.633038521 0.062708400 -0.247959152 0.019700205 0.966538072
39358.421000 -3.432032585 -1.641526103 11.651222229 0.063856944 -0.244615942 0.018667771 0.967334926
39358.546000 -3.451500416 -1.652014017 11.687978745 0.073360875 -0.243211806 0.022221569 0.966939747
39358.625000 -3.458476067 -1.658236504 11.702317238 0.074359685 -0.243425593 0.022237726 0.966809273
39358.703000 -3.476871014 -1.667017817 11.738355637 0.073670410 -0.240551874 0.019358423 0.967642963
39358.796000 -3.485365868 -1.665766358 11.755977631 0.076389745 -0.237886518 0.021537498 0.968044817
39358.875000 -3.494487524 -1.668272853 11.775876999 0.073976159 -0.237165138 0.027039349 0.968271255
39358.953000 -3.503113747 -1.672743320 11.791291237 0.078743488 -0.233310342 0.029698657 0.968753755
39359.031000 -3.523139954 -1.676919818 11.820103645 0.082844198 -0.228921384 0.027806358 0.969514668
39359.125000 -3.530887604 -1.675786376 11.836525917 0.078747600 -0.227799565 0.026181642 0.970165372
39359.218000 -3.537016869 -1.677291512 11.851236343 0.078795545 -0.228803545 0.026143549 0.969926178
39359.296000 -3.545716524 -1.677731991 11.866765022 0.074829295 -0.230669022 0.027064105 0.969773173
39359.390000 -3.559849024 -1.680389404 11.895689964 0.065027878 -0.232471973 0.021340132 0.970192194
39359.468000 -3.564512730 -1.680850148 11.910366058 0.063908331 -0.235383242 0.019574080 0.969601691
39359.562000 -3.568780422 -1.683777094 11.921070099 0.058281124 -0.236025229 0.016615789 0.969855368
39359.656000 -3.574745893 -1.679060817 11.950059891 0.053547200 -0.238303736 0.020155188 0.969503939
39359.750000 -3.580012321 -1.677806139 11.965112686 0.047449321 -0.238220930 0.020426497 0.969836175
39359.828000 -3.585515261 -1.681878805 11.991051674 0.050787017 -0.239582255 0.019973157 0.969341099
39359.921000 -3.590628386 -1.682323217 12.007831573 0.051616643 -0.239078209 0.020848291 0.969403327
39360.000000 -3.591392756 -1.685496449 12.021299362 0.048821349 -0.239910230 0.024392232 0.969259799
39360.078000 -3.593807220 -1.688160539 12.036733627 0.052413456 -0.237678617 0.026887257 0.969555974
39360.171000 -3.595975876 -1.693709731 12.050418854 0.049094059 -0.240849733 0.028516669 0.968900383
39360.234000 -3.606511831 -1.700910568 12.079381943 0.057353020 -0.238474339 0.030239506 0.968982041
39360.312000 -3.606653452 -1.707990766 12.090600014 0.062451217 -0.236511007 0.030653153 0.969135046
39360.406000 -3.608431816 -1.715245008 12.108016968 0.066551872 -0.236161426 0.028999925 0.968998313
39360.500000 -3.612633467 -1.723130345 12.124340057 0.069913261 -0.235420451 0.026130728 0.969023526
39360.593000 -3.623741865 -1.733934879 12.161809921 0.074490361 -0.232728228 0.025849184 0.969340324
39360.671000 -3.632446527 -1.738384604 12.179962158 0.075764395 -0.229281634 0.026456455 0.970046282
39360.750000 -3.633986235 -1.737267017 12.196836472 0.078460693 -0.229001611 0.027813293 0.969860137
39360.843000 -3.641633511 -1.738186121 12.214858055 0.074255221 -0.229525968 0.027567182 0.970074236
39360.921000 -3.655292749 -1.734868288 12.250140190 0.069403134 -0.227875501 0.028935147 0.970782578
39361.015000 -3.658976555 -1.730798364 12.262427330 0.070963897 -0.228177309 0.029963300 0.970567584
39361.109000 -3.673560858 -1.732283831 12.288349152 0.066728391 -0.236263305 0.025552662 0.969058335
39361.187000 -3.683438301 -1.729013681 12.299131393 0.057535868 -0.238793492 0.022800265 0.969096184
39361.281000 -3.690650463 -1.725423574 12.307450294 0.059441324 -0.244379446 0.021781616 0.967611015
39361.359000 -3.700240612 -1.726377606 12.318697929 0.053142864 -0.250016242 0.018383943 0.966607392
39361.453000 -3.719060659 -1.722628951 12.344526291 0.043792941 -0.255742818 0.016203020 0.965616524
39361.531000 -3.727497101 -1.723007917 12.358215332 0.044822767 -0.254837602 0.016433978 0.965804696
39361.625000 -3.737274408 -1.723655701 12.376271248 0.045828603 -0.253652781 0.015593730 0.966083229
39361.703000 -3.752353907 -1.733079672 12.412861824 0.045912471 -0.246069834 0.012444553 0.968084097
39361.812000 -3.760354280 -1.734064102 12.426997185 0.053525385 -0.240263209 0.011771413 0.969159544
39361.906000 -3.791341305 -1.746249437 12.481953621 0.054729942 -0.234063894 0.011446426 0.970612049
39361.984000 -3.787114620 -1.755178094 12.492207527 0.055435065 -0.232004344 0.014576001 0.971024454
39362.078000 -3.797436476 -1.762304544 12.511679649 0.056998972 -0.228114307 0.013786196 0.971866727
39362.171000 -3.803463459 -1.767521739 12.527310371 0.056707364 -0.226299495 0.013864046 0.972306848
39362.250000 -3.829223394 -1.779253721 12.564607620 0.061728086 -0.224561796 0.011720987 0.972432196
39362.328000 -3.839335442 -1.775736928 12.581090927 0.066960037 -0.222993419 0.011474428 0.972449839
39362.406000 -3.850328207 -1.779760361 12.601002693 0.067614935 -0.222597301 0.013757228 0.972465694
39362.484000 -3.858304024 -1.781871080 12.618603706 0.060682487 -0.222269461 0.019812172 0.972893357
39362.562000 -3.874008179 -1.791014075 12.647397995 0.071400255 -0.217000201 0.022466600 0.973297596
39362.656000 -3.885329485 -1.791649699 12.662884712 0.074295193 -0.217428252 0.023783069 0.972954094
39362.765000 -3.894529819 -1.797167540 12.678596497 0.076369338 -0.217187241 0.022489935 0.972878039
39362.843000 -3.913184166 -1.800760746 12.707616806 0.074266449 -0.215397254 0.025480812 0.973364949
39362.921000 -3.921484709 -1.800934315 12.719767570 0.073516071 -0.214223459 0.030320778 0.973542213
39363.015000 -3.929019690 -1.801796794 12.729023933 0.073848523 -0.216364905 0.031855393 0.972994268
39363.093000 -3.937903404 -1.803738356 12.741037369 0.066636994 -0.219119549 0.029882930 0.972961068
39363.171000 -3.953797102 -1.802484274 12.765416145 0.065648682 -0.226397812 0.027871242 0.971420348
39363.250000 -3.961108446 -1.803084612 12.779432297 0.063869193 -0.229687124 0.025931399 0.970820367
39363.343000 -3.965676785 -1.804727674 12.792996407 0.062522814 -0.233116388 0.023178013 0.970160007
39363.437000 -3.973862886 -1.797503948 12.819417953 0.060596012 -0.237973973 0.024102114 0.969079792
39363.515000 -3.975101471 -1.800063968 12.834783554 0.064779945 -0.242124692 0.022518624 0.967818260
39363.609000 -3.983689547 -1.802595258 12.852340698 0.066388011 -0.243552700 0.023222297 0.967334270
39363.703000 -3.986222267 -1.805747271 12.869942665 0.063974246 -0.246471718 0.029305166 0.966592133
39363.796000 -4.003649235 -1.820739508 12.905604362 0.076687977 -0.246545643 0.033672299 0.965505242
39363.890000 -4.011838436 -1.825098872 12.925762177 0.075317666 -0.246941492 0.032184772 0.965562701
39363.984000 -4.019978523 -1.834330559 12.961955070 0.071694307 -0.245777085 0.038706869 0.965896130
39364.062000 -4.023225307 -1.837373853 12.979338646 0.071658492 -0.243992776 0.039748609 0.966308773
39364.171000 -4.029814720 -1.841730833 12.998075485 0.070739619 -0.242801920 0.039160918 0.966700375
39364.250000 -4.037898540 -1.850605249 13.032509804 0.067952774 -0.241520658 0.041068513 0.967141986
39364.343000 -4.044151783 -1.854405165 13.047153473 0.067456678 -0.240213111 0.041652445 0.967477322
39364.437000 -4.052636623 -1.859930158 13.079683304 0.063744418 -0.240082845 0.038280241 0.967900574
39364.531000 -4.052910805 -1.861889243 13.092267990 0.063659839 -0.240539744 0.036964998 0.967843890
39364.625000 -4.058810234 -1.863210440 13.107841492 0.064122126 -0.239843816 0.036676042 0.967997015
39364.734000 -4.074128151 -1.863252997 13.139715195 0.063970014 -0.241883859 0.031503778 0.967681527
39364.812000 -4.075320721 -1.864287019 13.152647018 0.068394102 -0.245542571 0.030658763 0.966483891
39364.890000 -4.083207607 -1.866864085 13.164833069 0.067281090 -0.247127846 0.029849607 0.966183245
39364.984000 -4.088349819 -1.866369724 13.179935455 0.058991749 -0.252383679 0.029386550 0.965380192
39365.078000 -4.092752457 -1.860655308 13.187633514 0.057062201 -0.253435791 0.032077391 0.965134859
39365.156000 -4.101282120 -1.863606930 13.199346542 0.054900069 -0.254819691 0.033977389 0.964830816
39365.250000 -4.104724407 -1.859372854 13.215783119 0.050379142 -0.257433534 0.034793161 0.964354396
39365.343000 -4.109686852 -1.858177900 13.229170799 0.049518421 -0.259929538 0.034271978 0.963747919
39365.437000 -4.125828743 -1.861730576 13.253697395 0.052723166 -0.260255337 0.036213204 0.963418901
39365.515000 -4.134406090 -1.863916397 13.265028000 0.059477709 -0.258613735 0.035111688 0.963508427
39365.609000 -4.137685776 -1.867730141 13.277441025 0.053813327 -0.260180652 0.035199147 0.963416457
39365.703000 -4.150803566 -1.873666525 13.310124397 0.059824307 -0.262163907 0.036535673 0.962474048
39365.781000 -4.160336494 -1.877363801 13.327093124 0.056408174 -0.262463629 0.031699803 0.962770045
39365.875000 -4.175136566 -1.879494786 13.347675323 0.054537412 -0.260960191 0.030007623 0.963340580
39365.953000 -4.184780121 -1.881986380 13.364991188 0.053186607 -0.261321515 0.028735889 0.963356912
39366.031000 -4.207501411 -1.887211323 13.404027939 0.043581583 -0.258915395 0.027477024 0.964525044
39366.109000 -4.211686611 -1.891424060 13.423927307 0.043011613 -0.257289886 0.025082372 0.965050697
39366.187000 -4.222584248 -1.891758680 13.440511703 0.040074743 -0.254435331 0.024486519 0.965948820
39366.281000 -4.230802536 -1.893150687 13.457861900 0.036041275 -0.251760989 0.023728773 0.966826975
39366.359000 -4.239970684 -1.900387406 13.488981247 0.030614469 -0.243961886 0.031386420 0.968793213
39366.453000 -4.247479916 -1.901135445 13.507575035 0.027826654 -0.237116158 0.033107750 0.970518172
39366.531000 -4.253903389 -1.899411440 13.519790649 0.031656280 -0.231596708 0.035401624 0.971652031
39366.625000 -4.255638123 -1.904602289 13.531411171 0.036863569 -0.227676421 0.035082303 0.972406149
39366.718000 -4.266720772 -1.905614495 13.555386543 0.039340172 -0.217328846 0.035121713 0.974672735
39366.796000 -4.272068977 -1.908620119 13.568804741 0.040426612 -0.211975649 0.034263637 0.975837111
39366.890000 -4.277207851 -1.907902241 13.581447601 0.042239517 -0.209098637 0.032922328 0.976427019
39366.984000 -4.282021046 -1.911486506 13.598237991 0.042132851 -0.204682887 0.033119757 0.977360129
39367.078000 -4.286506653 -1.910562158 13.607235909 0.046543662 -0.207465172 0.036747992 0.976443291
39367.171000 -4.292033195 -1.911310434 13.615783691 0.043589149 -0.207978487 0.035924088 0.976501107
39367.265000 -4.297926903 -1.915687084 13.633027077 0.041886706 -0.209347516 0.031520497 0.976435184
39367.375000 -4.299091816 -1.914602041 13.643655777 0.036697596 -0.210331619 0.032071412 0.976414502
39367.468000 -4.303874493 -1.915392876 13.665818214 0.039220635 -0.213335887 0.031595726 0.975679934
39367.562000 -4.309437275 -1.915717483 13.679541588 0.036859542 -0.215255961 0.029105796 0.975427687
39367.656000 -4.318325520 -1.915077806 13.713684082 0.033762131 -0.216294587 0.025468893 0.975411773
39367.734000 -4.319214821 -1.913792253 13.734837532 0.034309074 -0.216858596 0.026418289 0.975242198
39367.828000 -4.320590973 -1.917282104 13.754180908 0.036791310 -0.215837106 0.026122268 0.975386262
39367.921000 -4.323884010 -1.924504995 13.799764633 0.029957589 -0.212066561 0.027685722 0.976403534
39368.000000 -4.323838234 -1.924712896 13.817174911 0.029221898 -0.210297376 0.032511629 0.976659656
39368.109000 -4.325377464 -1.932050943 13.839191437 0.033209287 -0.205946326 0.029769842 0.977546453
39368.203000 -4.327655792 -1.945072293 13.879564285 0.032037646 -0.201517075 0.031423669 0.978456438
39368.312000 -4.327404499 -1.950865984 13.922295570 0.038582023 -0.194369718 0.035331797 0.979532301
39368.390000 -4.329647064 -1.956198454 13.943252563 0.036019146 -0.193452969 0.031379227 0.979945898
39368.484000 -4.337744236 -1.958240628 13.964872360 0.032291055 -0.191190809 0.025750756 0.980683565
39368.578000 -4.347407341 -1.957629085 13.999576569 0.041697174 -0.198214844 0.021040479 0.979045212
39368.687000 -4.358447075 -1.949964762 14.016730309 0.036675911 -0.203368455 0.014565140 0.978306711
39368.781000 -4.367744923 -1.953853607 14.043193817 0.021866821 -0.215451136 0.013433519 0.976177335
39368.859000 -4.376465797 -1.953555584 14.055308342 0.030128164 -0.222596332 0.016070703 0.974312544
39368.953000 -4.384513378 -1.955479383 14.075431824 0.028730007 -0.229482785 0.011185186 0.972824335
39369.062000 -4.407713413 -1.953756332 14.110147476 0.017289549 -0.235327616 0.000243695 0.971762300
39369.156000 -4.417778492 -1.958929658 14.127104759 0.016919052 -0.236492023 0.003916882 0.971478224
39369.234000 -4.433664799 -1.960567594 14.162382126 0.024337852 -0.230494604 0.010109563 0.972716689
39369.312000 -4.442756653 -1.968249679 14.183126450 0.024115840 -0.226620048 0.011326846 0.973618746
39369.406000 -4.457187653 -1.973135233 14.203704834 0.028556541 -0.217169389 0.010233741 0.975662529
39369.500000 -4.481044769 -1.988647103 14.245788574 0.031293198 -0.214648470 0.013571455 0.976095617
39369.578000 -4.495468616 -1.991092086 14.265498161 0.037515935 -0.211460710 0.013494450 0.976572990
39369.671000 -4.510883331 -2.000764132 14.287022591 0.040273849 -0.213291228 0.014425186 0.976051688
39369.750000 -4.523921967 -2.009082794 14.305329323 0.042108689 -0.211597234 0.011578505 0.976380765
39369.828000 -4.554567337 -2.015102148 14.339012146 0.046759423 -0.206168354 0.008358610 0.977362931
39369.921000 -4.567265511 -2.022375822 14.360494614 0.043092538 -0.206101865 0.011869718 0.977509201
39370.000000 -4.576648235 -2.021495104 14.375356674 0.046556074 -0.205888629 0.015575271 0.977343261
39370.093000 -4.593402386 -2.021050692 14.394729614 0.043838676 -0.203014955 0.014791457 0.978081942
39370.187000 -4.624615669 -2.026968241 14.428083420 0.033756778 -0.198932245 0.011130039 0.979368508
39370.281000 -4.637773514 -2.025218010 14.444153786 0.030074658 -0.198768601 0.012730911 0.979502201
39370.359000 -4.647102356 -2.025215149 14.457893372 0.025096998 -0.197075203 0.017267089 0.979915023
39370.437000 -4.664317131 -2.029378891 14.476968765 0.036593091 -0.198156118 0.021924779 0.979241788
39370.531000 -4.676052570 -2.034583092 14.491044044 0.034857009 -0.197290435 0.017766530 0.979564130
39370.609000 -4.686106205 -2.035895348 14.500290871 0.036904477 -0.196748763 0.014089608 0.979657888
39370.687000 -4.691374779 -2.037329435 14.505137444 0.038283877 -0.198440686 0.014117951 0.979263127
39370.781000 -4.703892708 -2.035560131 14.534086227 0.039121632 -0.203809887 0.016071392 0.978096485
39370.859000 -4.711846828 -2.035912037 14.551620483 0.034751836 -0.206248373 0.017156841 0.977731884
39370.968000 -4.720868587 -2.037852764 14.568992615 0.035558898 -0.209584355 0.016011132 0.977012634
39371.062000 -4.742270947 -2.040254593 14.611492157 0.027922675 -0.218201786 0.009010995 0.975462556
39371.156000 -4.753492355 -2.043138027 14.635099411 0.023868695 -0.217430681 0.008034034 0.975750864
39371.250000 -4.774972916 -2.059429646 14.679090500 0.035869200 -0.220453560 0.021336885 0.974504173
39371.343000 -4.789180756 -2.064060688 14.703917503 0.031122413 -0.218962789 0.019200927 0.975047708
39371.421000 -4.801156998 -2.068668842 14.728765488 0.032143608 -0.218649253 0.020271514 0.975063264
39371.531000 -4.816621780 -2.084259033 14.769399643 0.036962267 -0.218415350 0.024574973 0.974846005
39371.625000 -4.826493740 -2.085508108 14.787901878 0.044422425 -0.215659291 0.021136917 0.975228667
39371.718000 -4.844951153 -2.084934235 14.826276779 0.033019036 -0.220296115 0.020157510 0.974665642
39371.812000 -4.850061417 -2.086964846 14.838161469 0.038334224 -0.228305504 0.029453918 0.972388566
39371.921000 -4.859024525 -2.089251518 14.847192764 0.039636459 -0.227782503 0.027798537 0.972507775
39372.000000 -4.871605873 -2.092763662 14.873054504 0.038262576 -0.229058251 0.022405507 0.972402334
39372.109000 -4.879139423 -2.094161987 14.887508392 0.035782624 -0.229549766 0.023046792 0.972365856
39372.187000 -4.890341282 -2.095707178 14.908395767 0.033910189 -0.230213627 0.019985307 0.972343802
39372.296000 -4.898352623 -2.096585035 14.922512054 0.031205242 -0.229442969 0.018427489 0.972647250
39372.375000 -4.913826466 -2.097997189 14.952981949 0.030049358 -0.228192016 0.016063487 0.973019779
39372.453000 -4.920922279 -2.097206116 14.971626282 0.028790420 -0.223595783 0.012836717 0.974172115
39372.546000 -4.930552483 -2.098098993 14.986174583 0.022149738 -0.222285166 0.014698985 0.974619210
39372.625000 -4.937279224 -2.102556467 15.008590698 0.028221497 -0.217488304 0.015309948 0.975534737
39372.718000 -4.948200703 -2.107574463 15.050283432 0.028307090 -0.217732102 0.018761985 0.975417614
39372.796000 -4.965405464 -2.112780333 15.063328743 0.030681195 -0.214561000 0.018109152 0.976060629
39372.890000 -4.974821568 -2.116729021 15.079692841 0.032165896 -0.208227754 0.015618010 0.977426529
39372.984000 -4.993433952 -2.126276255 15.121873856 0.023096068 -0.207777858 0.028851038 0.977477670
39373.062000 -5.003920555 -2.131360531 15.140014648 0.029719692 -0.203454435 0.029486617 0.978188932
39373.171000 -5.012052059 -2.137095451 15.157920837 0.034185983 -0.201423541 0.030831128 0.978421867
39373.250000 -5.037130833 -2.145536900 15.194603920 0.026214899 -0.197842598 0.028178589 0.979477942
39373.359000 -5.049312592 -2.145002365 15.209332466 0.031685501 -0.195893154 0.027312370 0.979732573
39373.453000 -5.071389198 -2.148116350 15.245912552 0.027682899 -0.196352720 0.024436353 0.979837835
39373.562000 -5.082703114 -2.145694256 15.258449554 0.026094483 -0.198080659 0.021572629 0.979600847
39373.656000 -5.107799530 -2.145421028 15.285110474 0.022014171 -0.197888553 0.018749204 0.979797959
39373.750000 -5.115569592 -2.147818565 15.299287796 0.021416655 -0.200290084 0.019256126 0.979313254
39373.859000 -5.133664608 -2.147164822 15.321378708 0.015658017 -0.210657403 0.018558580 0.977258325
39373.968000 -5.142673969 -2.149435282 15.330189705 0.016034642 -0.215909317 0.018971585 0.976097405
39374.046000 -5.155396461 -2.151885986 15.352712631 0.016617211 -0.227317423 0.019834828 0.973476946
39374.140000 -5.161851883 -2.153459311 15.365846634 0.016465990 -0.231810823 0.020754991 0.972400069
39374.250000 -5.175282955 -2.155009031 15.392915726 0.014805535 -0.236854926 0.018669702 0.971252799
39374.343000 -5.182317734 -2.156728745 15.408407211 0.015965696 -0.236722827 0.017773507 0.971283436
39374.437000 -5.186762810 -2.157694340 15.424405098 0.023584468 -0.239333659 0.018628804 0.970472157
39374.531000 -5.207374573 -2.164368868 15.464520454 0.023911690 -0.246546537 0.018408818 0.968661070
39374.625000 -5.214637280 -2.171390295 15.484032631 0.018474165 -0.244845644 0.018408898 0.969211221
39374.703000 -5.232203960 -2.180311918 15.521572113 0.022489866 -0.250036061 0.021605512 0.967734158
39374.796000 -5.241451740 -2.184910297 15.539243698 0.023652153 -0.254359156 0.023306264 0.966539621
39374.875000 -5.251307487 -2.194411755 15.557823181 0.024121091 -0.258553654 0.019749260 0.965493739
39374.968000 -5.270642757 -2.208232403 15.596231461 0.026731996 -0.263843954 0.022743899 0.963926613
39375.062000 -5.279569149 -2.214668751 15.613401413 0.032475237 -0.268096715 0.027594669 0.962449014
39375.156000 -5.293272972 -2.221476078 15.631648064 0.031749289 -0.271610260 0.024137773 0.961580575
39375.234000 -5.311481476 -2.222338200 15.657668114 0.037468303 -0.282361865 0.022654084 0.958308280
39375.312000 -5.323056698 -2.218626499 15.672358513 0.042830948 -0.287876606 0.020994417 0.956478953
39375.406000 -5.332208157 -2.220088243 15.683628082 0.034433916 -0.294833511 0.018107964 0.954756320
39375.500000 -5.353124619 -2.219856501 15.699357986 0.031416956 -0.307590753 0.016763296 0.950852215
39375.593000 -5.362907410 -2.221854210 15.705731392 0.027392745 -0.310565561 0.009450195 0.950110257
39375.687000 -5.368978024 -2.222401857 15.716299057 0.023012854 -0.313748986 0.006274545 0.949206293
39375.781000 -5.381990910 -2.221221447 15.741473198 0.022238018 -0.316291898 0.006591073 0.948378325
39375.859000 -5.391874313 -2.223777771 15.756180763 0.018824089 -0.315511167 0.006103592 0.948715568
39375.953000 -5.396958828 -2.222825527 15.768617630 0.017621290 -0.312892377 0.006264576 0.949604452
39376.031000 -5.414306164 -2.224016666 15.803161621 0.022324957 -0.307363093 0.005318004 0.951315582
39376.125000 -5.426631451 -2.227419376 15.821681976 0.016012430 -0.305469275 0.005706932 0.952050209
39376.218000 -5.437569141 -2.230737209 15.844823837 0.020197071 -0.299430251 0.003238860 0.953898907
39376.312000 -5.456872463 -2.236817837 15.881725311 0.022664730 -0.298888654 0.010141429 0.953964889
39376.406000 -5.472069740 -2.240220785 15.896907806 0.031631812 -0.292427629 0.009178049 0.955720365
39376.484000 -5.478382111 -2.245602131 15.918440819 0.037287258 -0.292995036 0.013116272 0.955296576
39376.562000 -5.497057438 -2.257069111 15.953889847 0.028870014 -0.292275876 0.024787636 0.955576718
39376.656000 -5.507777691 -2.261833906 15.969625473 0.037326235 -0.291893393 0.028476030 0.955297947
39376.734000 -5.522077560 -2.268258095 15.986345291 0.034099232 -0.288872778 0.020957606 0.956530511
39376.828000 -5.533654690 -2.271199226 16.004468918 0.032153521 -0.287355870 0.020433316 0.957066000
39376.906000 -5.555184841 -2.275434971 16.034465790 0.031558402 -0.277181625 0.027845925 0.959895372
39377.015000 -5.572890282 -2.278648615 16.046773911 0.033685572 -0.273126096 0.030744368 0.960896552
39377.093000 -5.590437889 -2.283058167 16.074668884 0.030564785 -0.263573766 0.029320639 0.963708997
39377.187000 -5.601377964 -2.284070492 16.087959290 0.033937436 -0.260815620 0.031751145 0.964269340
39377.265000 -5.608740807 -2.283700943 16.100124359 0.034645345 -0.262089968 0.033504501 0.963839233
39377.375000 -5.622729301 -2.287712812 16.112436295 0.028394667 -0.261699766 0.032054901 0.964198887
39377.453000 -5.639566422 -2.287161589 16.135887146 0.023936229 -0.261305809 0.030032204 0.964491844
39377.546000 -5.650080204 -2.286991596 16.148832321 0.022774387 -0.264200985 0.028032942 0.963791192
39377.640000 -5.661975384 -2.290178299 16.164501190 0.018907873 -0.267878413 0.022808712 0.962997079
39377.734000 -5.684039593 -2.288841963 16.197277069 0.015606944 -0.271849245 0.015822928 0.962083220
39377.828000 -5.694553375 -2.289933681 16.215717316 0.014968042 -0.272670209 0.013324796 0.961898923
39377.906000 -5.717130661 -2.294219017 16.254692078 0.017714711 -0.269694686 0.009794087 0.962733090
39378.000000 -5.722500324 -2.299877167 16.277624130 0.012630910 -0.264465064 0.013510169 0.964217901
39378.078000 -5.736256599 -2.307052135 16.301063538 0.019300958 -0.267038345 0.018053375 0.963323474
39378.171000 -5.768012524 -2.311233521 16.353713989 0.004335685 -0.256973833 0.016789293 0.966262758
39378.281000 -5.776514530 -2.318906784 16.374967575 0.008881156 -0.258659184 0.022019248 0.965676785
39378.359000 -5.788516998 -2.325176716 16.394607544 0.007860191 -0.254426062 0.019327126 0.966867149
39378.453000 -5.803829193 -2.328796387 16.431407928 0.016355691 -0.260342896 0.022638105 0.965112209
39378.546000 -5.814049244 -2.331731081 16.447423935 0.016504899 -0.261792123 0.019693598 0.964782178
39378.625000 -5.824358463 -2.334481239 16.458324432 0.019395983 -0.263494968 0.019214997 0.964274406
39378.734000 -5.836889744 -2.336163998 16.482889175 0.024592912 -0.269189119 0.018536540 0.962594867
39378.812000 -5.841856003 -2.340055466 16.491672516 0.020547228 -0.269842654 0.016801398 0.962538600
39378.921000 -5.853363991 -2.344995975 16.509162903 0.031998292 -0.273706257 0.013715674 0.961183071
39379.031000 -5.864299774 -2.345999241 16.520523071 0.025430849 -0.273911804 0.009265608 0.961373985
39379.125000 -5.883305550 -2.346485615 16.544103622 0.033386484 -0.282182306 0.013018427 0.958691359
39379.203000 -5.895670414 -2.350466013 16.558361053 0.032156397 -0.284449071 0.009250753 0.958107054
39379.281000 -5.908801079 -2.355962038 16.574180603 0.025066011 -0.293092221 0.010488390 0.955698013
39379.375000 -5.929552078 -2.358119249 16.602294922 0.027796807 -0.300773770 0.011917673 0.953215837
39379.468000 -5.942983627 -2.359797239 16.616138458 0.026672676 -0.298973083 0.005763232 0.953871310
39379.562000 -5.954111576 -2.363227367 16.632289886 0.032194965 -0.299581617 0.007226023 0.953499973
39379.656000 -5.977414131 -2.370679617 16.665039062 0.035316184 -0.296159714 0.002285473 0.954482615
39379.734000 -5.984135151 -2.371993780 16.683977127 0.031538557 -0.296758980 0.007032117 0.954405606
39379.828000 -5.993656158 -2.376672268 16.700418472 0.033246744 -0.293486238 0.008677355 0.955345571
39379.906000 -6.019139290 -2.384377241 16.736463547 0.026840845 -0.289538383 0.005851935 0.956772149
39380.000000 -6.032517433 -2.386624336 16.754852295 0.023117730 -0.290198237 0.005271126 0.956672788
39380.093000 -6.045437813 -2.388832331 16.770828247 0.023348629 -0.293226093 0.005485830 0.955742300
39380.171000 -6.074405670 -2.399991989 16.797641754 0.032591678 -0.294941872 0.001970569 0.954957187
39380.265000 -6.088668823 -2.404196024 16.810508728 0.037017137 -0.294258147 0.001138534 0.955008149
39380.359000 -6.099999428 -2.409932613 16.822914124 0.038550396 -0.295031488 0.001108336 0.954708874
39380.453000 -6.127649307 -2.412945271 16.845277786 0.046244614 -0.295417815 0.007030660 0.954222441
39380.531000 -6.138541222 -2.415715218 16.857290268 0.049401619 -0.295972526 0.009183587 0.953873932
39380.625000 -6.150713921 -2.416957855 16.866813660 0.053768102 -0.297782362 0.010631504 0.953059137
39380.718000 -6.169950485 -2.420604229 16.885869980 0.046934791 -0.302289844 0.009486772 0.952012599
39380.812000 -6.177595139 -2.420619488 16.892417908 0.050761700 -0.306054294 0.014214238 0.950553536
39380.906000 -6.186374187 -2.423398495 16.901067734 0.054054726 -0.307831436 0.013960229 0.949801564
39381.015000 -6.199563980 -2.426423311 16.919795990 0.051837303 -0.313447773 0.010641104 0.948129833
39381.093000 -6.217605591 -2.425236940 16.938600540 0.050434507 -0.315539211 0.012895933 0.947483599
39381.171000 -6.225755215 -2.425682545 16.963249207 0.048019744 -0.316252589 0.013552910 0.947362006
39381.265000 -6.235670090 -2.427128315 16.979808807 0.049072355 -0.316225648 0.013951080 0.947311282
39381.343000 -6.244529724 -2.427825212 17.000102997 0.046209585 -0.317768842 0.015959116 0.946907103
39381.453000 -6.272904396 -2.437590122 17.039220810 0.042540047 -0.316737682 0.020208824 0.947343290
39381.546000 -6.283051491 -2.443698168 17.054470062 0.046791650 -0.315178782 0.023645539 0.947583139
39381.640000 -6.303425789 -2.455983162 17.089111328 0.049987495 -0.311800778 0.026319370 0.948466659
39381.734000 -6.315286636 -2.459756613 17.106758118 0.053609144 -0.307481200 0.028126102 0.949626386
39381.828000 -6.322522163 -2.463816166 17.124782562 0.058886342 -0.306130767 0.032688707 0.949604034
39381.937000 -6.343144894 -2.467199802 17.162536621 0.048180368 -0.299912244 0.026646996 0.952376604
39382.015000 -6.351425648 -2.469309568 17.178215027 0.049016058 -0.302491605 0.022921383 0.951614857
39382.109000 -6.368307114 -2.470553398 17.205663681 0.050757401 -0.305958807 0.023823794 0.950392187
39382.203000 -6.373962879 -2.470836163 17.219829559 0.048576720 -0.305409551 0.027424280 0.950585783
39382.296000 -6.382330894 -2.473048687 17.232452393 0.051250421 -0.305966914 0.029120583 0.950215578
39382.375000 -6.392866135 -2.475286484 17.258743286 0.045918021 -0.302948922 0.024094978 0.951594949
39382.468000 -6.395687103 -2.475830078 17.267946243 0.044991512 -0.299719542 0.024699716 0.952645779
39382.546000 -6.402164936 -2.478450775 17.281980515 0.045315415 -0.296906561 0.024706336 0.953510702
39382.640000 -6.416824818 -2.478016376 17.318748474 0.044590753 -0.293673903 0.022318836 0.954604208
39382.734000 -6.429462433 -2.476893902 17.334814072 0.043404214 -0.291113198 0.022634812 0.955435514
39382.843000 -6.437910080 -2.479677677 17.353902817 0.038245220 -0.293154418 0.026629090 0.954928696
39382.937000 -6.459640503 -2.488145828 17.392089844 0.039757896 -0.291994274 0.026331600 0.955230534
39383.015000 -6.470482349 -2.492286921 17.411312103 0.039792828 -0.291711688 0.021851497 0.955428362
39383.125000 -6.494398117 -2.500247002 17.446163177 0.043436278 -0.290934116 0.022801545 0.955484629
39383.234000 -6.503000736 -2.505226374 17.461980820 0.049903572 -0.290232003 0.021357937 0.955415547
39383.328000 -6.528903484 -2.511273146 17.498720169 0.043831293 -0.291879505 0.022810493 0.955177903
39383.421000 -6.536731720 -2.515426874 17.514535904 0.043673638 -0.292069227 0.025131196 0.955068946
39383.515000 -6.561647415 -2.525578976 17.542802811 0.052151717 -0.293758124 0.029266499 0.954007328
39383.593000 -6.572115421 -2.526736259 17.555509567 0.049947761 -0.293435395 0.029974723 0.954202473
39383.687000 -6.583514214 -2.530913353 17.568979263 0.056282576 -0.292436540 0.029556546 0.954169571
39383.796000 -6.606902599 -2.536971569 17.596534729 0.053874649 -0.293163717 0.033084761 0.953969598
39383.906000 -6.620121479 -2.538723230 17.609869003 0.050706610 -0.292309165 0.031256355 0.954466999
39383.984000 -6.641199589 -2.538592815 17.632579803 0.049098004 -0.292061299 0.030988984 0.954635680
39384.078000 -6.651053429 -2.539619684 17.643045425 0.046410527 -0.292293429 0.029554762 0.954744577
39384.156000 -6.658886909 -2.541780949 17.660087585 0.041419707 -0.294243902 0.029774640 0.954368055
39384.234000 -6.672950745 -2.538157940 17.676460266 0.040832486 -0.295096636 0.031857714 0.954062760
39384.328000 -6.684488297 -2.537276030 17.691352844 0.039131824 -0.299194008 0.029395971 0.952936232
39384.406000 -6.691309452 -2.537173510 17.705028534 0.035081886 -0.304091930 0.025070969 0.951666355
39384.500000 -6.705361366 -2.536926985 17.722181320 0.033082239 -0.309178829 0.023764379 0.950131238
39384.609000 -6.713048935 -2.531010866 17.750450134 0.031327076 -0.318345249 0.023360234 0.947169065
39384.718000 -6.730545998 -2.529571772 17.785247803 0.028055327 -0.323940635 0.025176603 0.945326209
39384.812000 -6.734175682 -2.531836510 17.804891586 0.024506873 -0.325271815 0.026400749 0.944934189
39384.890000 -6.743225098 -2.535309792 17.824272156 0.025518203 -0.322714925 0.026940847 0.945768535
39385.000000 -6.761425972 -2.545331001 17.860242844 0.021580417 -0.319494545 0.022356294 0.947078586
39385.093000 -6.762247562 -2.551125050 17.877973557 0.027457779 -0.319621533 0.029866332 0.946676433
39385.171000 -6.775449753 -2.565198183 17.917140961 0.032084331 -0.317258865 0.029238911 0.947344959
39385.265000 -6.784218788 -2.572997808 17.939365387 0.031103399 -0.316218823 0.028270429 0.947754800
39385.359000 -6.793224335 -2.580469847 17.959100723 0.035171293 -0.314357251 0.029390611 0.948197663
39385.453000 -6.812226295 -2.589919567 17.995233536 0.039113078 -0.311511815 0.027024459 0.949052334
39385.562000 -6.822536469 -2.592099428 18.013277054 0.038616721 -0.310650736 0.025418038 0.949399233
39385.687000 -6.843557358 -2.591457605 18.045492172 0.045082137 -0.309328467 0.023832193 0.949587047
39385.781000 -6.863310814 -2.594813585 18.076755524 0.041896079 -0.315184325 0.016118962 0.947968245
39385.875000 -6.876049042 -2.595071793 18.092254639 0.036755469 -0.319717050 0.014373623 0.946690798
39385.968000 -6.901433945 -2.594439268 18.111064911 0.033086147 -0.325916171 0.007171576 0.944792330
39386.046000 -6.913866997 -2.595707417 18.122739792 0.027303545 -0.326640040 -0.000158395 0.944754362
39386.140000 -6.929100037 -2.595395565 18.134895325 0.021251861 -0.326929897 -0.003207737 0.944804251
39386.234000 -6.939780235 -2.592221975 18.147407532 0.018443603 -0.327135831 -0.001994280 0.944795251
39386.328000 -6.964950562 -2.591480017 18.177001953 0.014106770 -0.321959972 0.001350557 0.946647227
39386.406000 -6.977742672 -2.590317249 18.188497543 0.013378276 -0.316121429 0.000961986 0.948623896
39386.515000 -7.010953903 -2.598909140 18.230613708 0.021473078 -0.306022108 0.002704469 0.951778352
39386.609000 -7.021729946 -2.602883101 18.247245789 0.019217970 -0.301514596 0.007950121 0.953234732
39386.703000 -7.047812462 -2.616467237 18.282913208 0.024501732 -0.291012257 0.012229703 0.956327379
39386.812000 -7.064381123 -2.622053862 18.301168442 0.027609875 -0.286066711 0.012590012 0.957729101
39386.890000 -7.097508430 -2.629667759 18.335313797 0.023459690 -0.277763754 0.012436870 0.960282445
39386.984000 -7.107678413 -2.635850906 18.345046997 0.025480196 -0.276814371 0.014869797 0.960470438
39387.093000 -7.120282173 -2.640006065 18.357635498 0.024338225 -0.275519073 0.014431998 0.960879147
39387.171000 -7.149366379 -2.643427134 18.384668350 0.020323420 -0.272731245 0.010948147 0.961813271
39387.250000 -7.163562298 -2.644160032 18.397287369 0.017913913 -0.272031695 0.012392499 0.962041795
39387.328000 -7.171541691 -2.646394253 18.405263901 0.018878592 -0.271125287 0.014179820 0.962254465
39387.421000 -7.182041168 -2.645908356 18.416339874 0.019783221 -0.270852923 0.015014024 0.962300360
39387.531000 -7.204659939 -2.649152994 18.436771393 0.019698227 -0.271123379 0.015040245 0.962225497
39387.625000 -7.218576431 -2.648010254 18.445184708 0.017234936 -0.272062778 0.015345694 0.962002754
39387.718000 -7.237143517 -2.648928404 18.459722519 0.019806972 -0.277595401 0.016065558 0.960359514
39387.828000 -7.248565674 -2.648660183 18.468944550 0.015514771 -0.282694846 0.011574229 0.959014595
39387.906000 -7.268033981 -2.649465799 18.485853195 0.016598189 -0.294439852 0.013849601 0.955425501
