37968.078000 0.000000000 0.000000000 0.000000000 -0.000000000 -0.000000000 -0.000000000 1.000000000
37968.156000 0.004315235 0.001338545 -0.006550255 0.003206238 0.013717814 0.003701163 0.999893963
37968.203000 0.004499841 0.001412470 -0.006633386 0.003222961 0.013700476 0.003740627 0.999894023
37968.250000 0.003742377 0.002483520 -0.006039134 0.004007082 0.017774662 0.004396317 0.999824345
37968.296000 0.004626164 0.004576019 -0.004302761 0.003538403 0.018984012 0.004806052 0.999801993
37968.359000 0.003258765 0.003752977 -0.003623019 0.001902324 0.019016916 0.004270551 0.999808311
37968.421000 0.003385325 0.004384624 -0.002423894 0.002389476 0.017846143 0.003256595 0.999832630
37968.484000 0.002865185 0.003089399 -0.002939979 0.000898431 0.018225759 0.002428166 0.999830604
37968.546000 0.001797603 0.003311074 -0.002777706 0.001473470 0.018470816 0.002918337 0.999824107
37968.625000 0.001909537 0.003948147 -0.001537878 0.001051571 0.018969439 0.003506290 0.999813437
37968.750000 0.003068831 0.005515305 -0.000326194 -0.000432504 0.018608563 0.004395309 0.999817133
37968.812000 0.002045491 0.004910423 -0.000148561 0.000293283 0.018089296 0.003482553 0.999830306
37968.953000 0.003010203 0.004805753 0.001570739 -0.000016463 0.016756687 0.003507146 0.999853492
37969.078000 0.002668021 0.006179201 0.004250426 -0.001397153 0.015162167 0.002656971 0.999880612
37969.218000 0.001008616 0.004140115 0.003776758 -0.000858742 0.014038364 0.003577545 0.999894738
37969.312000 -0.000878252 0.004045117 0.003757645 -0.000099459 0.013879605 0.002982644 0.999899268
37969.437000 -0.000825281 0.003271466 0.003729184 0.001082270 0.013138299 0.003215044 0.999907970
37969.546000 0.001959362 0.003568274 0.002974879 0.001910897 0.012569095 0.004842254 0.999907494
37969.750000 0.000497854 0.003205716 0.003106346 0.001771342 0.013147398 0.003699196 0.999905229
37969.953000 0.000137046 0.003890710 0.004341949 0.001572531 0.010420119 0.004966302 0.999932170
37970.468000 0.004725262 0.001810670 0.005249865 0.000550347 0.011449127 0.004543739 0.999924064
37970.546000 0.006990375 0.003999365 0.005748057 0.001212105 0.011270962 0.004131785 0.999927282
37970.656000 0.004508189 0.001636005 0.006956281 0.000586841 0.012255610 0.004498477 0.999914646
37970.843000 0.004344124 0.000987522 0.010768273 -0.000204433 0.012865122 0.005927007 0.999899685
37970.968000 0.004188971 0.002651626 0.014012220 -0.001757033 0.011981196 0.008176330 0.999893308
37971.062000 0.006453244 -0.000914725 0.018874224 -0.001925029 0.011113967 0.008580621 0.999899626
37971.156000 0.003141313 0.001240307 0.016572110 0.000013073 0.012078788 0.009854808 0.999878526
37971.234000 -0.000764926 0.000990189 0.019835776 -0.001180422 0.011503969 0.008263347 0.999899089
37971.343000 -0.002107090 0.000519261 0.025044998 -0.000964588 0.010263455 0.010177009 0.999895096
37971.437000 -0.002596566 0.000054866 0.027591256 -0.002436290 0.010539798 0.011656806 0.999873579
37971.515000 -0.003899702 -0.001804946 0.029549435 -0.001378757 0.012073698 0.011737494 0.999857306
37971.609000 -0.001827363 -0.001580331 0.032852631 -0.001958739 0.017016923 0.013724207 0.999759138
37971.703000 -0.002295892 -0.000808816 0.032219876 -0.000449059 0.020665357 0.017248988 0.999637544
37971.796000 0.002047087 0.000889720 0.030971400 -0.004838688 0.029223038 0.028237320 0.999162257
37971.890000 0.002956184 0.002076230 0.027461544 -0.002207606 0.031425055 0.032096528 0.998988211
37971.984000 0.000410337 0.002069449 0.023095001 0.002820191 0.035072260 0.031661820 0.998879194
37972.093000 -0.004017185 -0.001840940 0.014946677 0.003768828 0.036231447 0.038374972 0.998599231
37972.187000 -0.006166288 -0.001329430 0.010713183 0.014052568 0.039208993 0.038865943 0.998376012
37972.265000 -0.008077654 0.002409080 0.003093762 0.013398904 0.048497897 0.049977235 0.997482240
37972.359000 -0.011012214 0.003124011 0.002381932 0.012894690 0.048608400 0.052149653 0.997372270
37972.468000 -0.016097423 0.003456519 0.002062237 0.009779005 0.049017940 0.053557158 0.997313023
37972.562000 -0.021832762 0.009184952 0.002609196 0.013119163 0.042050004 0.055173676 0.997504652
37972.656000 -0.022517338 0.009025417 0.002954167 0.012673423 0.037907023 0.056239907 0.997616947
37972.765000 -0.028462287 0.012339665 0.004166603 0.011123624 0.037069269 0.059685487 0.997466743
37972.859000 -0.030321158 0.009924289 0.005891119 0.006295863 0.036223099 0.060996275 0.997460663
37972.953000 -0.033405665 0.012793614 0.005865667 0.009120414 0.038481854 0.061329968 0.997333825
37973.046000 -0.036570039 0.010425533 0.004604904 0.017441737 0.037987366 0.055019978 0.997609973
37973.140000 -0.040586192 0.009173003 0.014638941 0.018735435 0.034407031 0.046353735 0.998156548
37973.234000 -0.040290426 0.004383980 0.021281067 0.021593707 0.032837294 0.039726838 0.998437405
37973.328000 -0.044634666 -0.004674037 0.043140065 0.020434244 0.028851990 0.020093568 0.999172866
37973.406000 -0.045667876 -0.008237769 0.057632394 0.019050708 0.030680450 0.006019380 0.999329567
37973.500000 -0.049444083 -0.013665777 0.073989064 0.019479079 0.033043686 -0.003087346 0.999259293
37973.593000 -0.044053473 -0.022648431 0.110578239 0.009068008 0.034585699 -0.015132896 0.999246061
37973.671000 -0.042782549 -0.026252434 0.129279569 0.011552321 0.034542110 -0.015099462 0.999222457
37973.781000 -0.039718203 -0.029502548 0.150707990 0.012259219 0.033621270 -0.013857678 0.999263406
37973.890000 -0.032666143 -0.034890834 0.193618864 0.010334848 0.036140271 -0.014550449 0.999187350
37973.968000 -0.014923348 -0.054988969 0.237332642 0.007541976 0.038564578 -0.017550601 0.999073505
37974.093000 -0.025997136 -0.043526150 0.255426735 0.008367004 0.045572963 -0.016905412 0.998782933
37974.187000 -0.029176308 -0.045424011 0.276569068 0.010135690 0.045545857 -0.018570201 0.998738229
37974.265000 -0.029788392 -0.049757663 0.313524514 0.007275213 0.045165081 -0.017084783 0.998806953
37974.359000 -0.032951660 -0.050852884 0.332092941 0.005686478 0.042840742 -0.014720270 0.998957336
37974.437000 -0.033244643 -0.050428394 0.350666583 0.001708225 0.040761370 -0.014289646 0.999065280
37974.531000 -0.032911636 -0.057963867 0.387674540 -0.005433294 0.037048828 -0.017113637 0.999152124
37974.625000 -0.031061577 -0.059250172 0.405096591 -0.007248871 0.038055215 -0.017299887 0.999099553
37974.718000 -0.012556139 -0.065020256 0.434412628 -0.003046050 0.035334431 -0.018467203 0.999200284
37974.812000 -0.014080477 -0.069552779 0.455222547 -0.002030614 0.040828072 -0.016162487 0.999033451
37974.906000 -0.004859030 -0.072784483 0.474302649 0.003335660 0.044661134 -0.016574522 0.998859167
37975.015000 0.013555235 -0.082182683 0.515260220 0.012415907 0.058007985 -0.008234466 0.998204947
37975.125000 0.018521281 -0.085759632 0.537194371 0.019766452 0.061600965 -0.000142506 0.997905135
37975.218000 0.028282076 -0.090898357 0.581369817 0.024185412 0.069435075 0.006206361 0.997273982
37975.312000 0.029486464 -0.091245055 0.603795171 0.021811884 0.071174882 0.009990021 0.997175336
37975.406000 0.028185766 -0.091603875 0.648291707 0.022040121 0.066632099 0.005225080 0.997520506
37975.484000 0.028784050 -0.094223768 0.669450164 0.014158699 0.062804036 0.004644099 0.997914672
37975.578000 0.028210878 -0.095197640 0.688952625 0.011973157 0.063452080 0.004040381 0.997904897
37975.687000 0.037368789 -0.103288770 0.728807449 0.003981807 0.067502141 0.006152547 0.997692287
37975.781000 0.038555015 -0.109991364 0.748016477 0.003918941 0.070374325 0.007495036 0.997484863
37975.875000 0.041414138 -0.112419076 0.798300207 0.010564751 0.079453930 0.009870503 0.996733725
37975.953000 0.044286039 -0.117306605 0.824680805 0.016834250 0.083664022 0.010131519 0.996300340
37976.046000 0.045686141 -0.118369274 0.853563130 0.013934305 0.090751186 0.012572669 0.995696783
37976.125000 0.042076185 -0.125919506 0.903432012 0.015855592 0.095329098 0.018466437 0.995148242
37976.218000 0.039964542 -0.128983155 0.927302480 0.016370403 0.097767919 0.021240687 0.994847953
37976.296000 0.037891019 -0.134901911 0.953037560 0.019465886 0.096756622 0.022498211 0.994863331
37976.375000 0.030317862 -0.139884293 1.010995388 0.008638580 0.096325241 0.023741918 0.995029211
37976.453000 0.025278270 -0.141808301 1.038277507 0.008920647 0.094500430 0.022283707 0.995235443
37976.546000 0.020698631 -0.143760696 1.060600281 0.013910392 0.091185957 0.022751499 0.995476842
37976.625000 0.018457305 -0.147614822 1.083640218 0.015175137 0.090162799 0.019254314 0.995625317
37976.718000 0.005189664 -0.139365226 1.101242900 0.013863100 0.086879238 0.023261879 0.995850742
37976.812000 0.021845505 -0.153951794 1.142481685 0.008047335 0.080796167 0.023678521 0.996416926
37976.890000 0.025451509 -0.154273361 1.166221142 0.006135950 0.077932864 0.025086801 0.996624112
37976.984000 0.039184984 -0.155572489 1.213112116 0.004842092 0.071591660 0.027102517 0.997053981
37977.062000 0.047339465 -0.159627840 1.239165306 0.004259443 0.070203155 0.026213592 0.997179151
37977.140000 0.053475067 -0.165888801 1.264380336 0.006502416 0.066988990 0.023196353 0.997462869
37977.234000 0.057680801 -0.166483164 1.294274449 0.011039486 0.064335421 0.020591220 0.997654796
37977.312000 0.071263142 -0.182130307 1.357310653 0.011175674 0.049741518 0.024676479 0.998394668
37977.406000 0.076915108 -0.187804461 1.385231376 0.010441816 0.044790782 0.026439015 0.998591900
37977.484000 0.080833033 -0.193015248 1.408634663 0.016150620 0.037010990 0.022284186 0.998935819
37977.578000 0.088790894 -0.209715500 1.434486270 0.010490020 0.030246451 0.016095765 0.999357820
37977.671000 0.085442409 -0.206276327 1.475761294 0.006405989 0.027808458 0.013637054 0.999499738
37977.765000 0.089802995 -0.205674633 1.499074340 0.009553020 0.030933566 0.015918242 0.999349058
37977.875000 0.098998979 -0.216336340 1.533478022 0.014582269 0.033246893 0.016821884 0.999199212
37977.953000 0.099476680 -0.217125356 1.552872062 0.013783635 0.038248599 0.017690033 0.999016583
37978.046000 0.106020823 -0.221311554 1.606587052 0.009371519 0.043684438 0.013876715 0.998905063
37978.140000 0.108869955 -0.223308459 1.635146141 0.005398402 0.046704583 0.015587570 0.998772562
37978.234000 0.106696472 -0.227495536 1.662524581 0.006788114 0.048689559 0.014705367 0.998682678
37978.312000 0.109229490 -0.240597576 1.723212004 0.016026385 0.048423856 0.016888659 0.998555541
37978.421000 0.107689440 -0.243325815 1.754948854 0.017618621 0.047017783 0.017119624 0.998591959
37978.515000 0.107150242 -0.252234280 1.782944322 0.018202122 0.047063503 0.016277540 0.998593450
37978.593000 0.093456350 -0.260834754 1.841862202 0.018722598 0.045864802 0.002996682 0.998767734
37978.671000 0.088591233 -0.265061378 1.870066285 0.021932976 0.042877160 0.002479866 0.998836577
37978.781000 0.087921493 -0.268450081 1.896358848 0.021255545 0.041327313 0.003797307 0.998912334
37978.859000 0.078461789 -0.280737102 1.941595197 0.021538625 0.043663856 -0.005335691 0.998799860
37978.937000 0.082671665 -0.283603281 1.961909890 0.022270584 0.040540125 -0.007892264 0.998898566
37979.046000 0.083103307 -0.286252677 1.982004404 0.020765735 0.044303797 -0.013487322 0.998711228
37979.140000 0.081194997 -0.293260574 2.026168108 0.027262848 0.046416353 -0.020853220 0.998332322
37979.234000 0.086728044 -0.297643691 2.051486492 0.028269332 0.048572596 -0.024637932 0.998115480
37979.343000 0.095164493 -0.301216334 2.099979877 0.032142688 0.048779078 -0.026298860 0.997945786
37979.468000 0.097749330 -0.309591323 2.129910469 0.039844804 0.052030712 -0.028240357 0.997450590
37979.562000 0.108992025 -0.332084775 2.186051130 0.045204014 0.055191152 -0.029154301 0.997025907
37979.656000 0.110849358 -0.338288605 2.239847898 0.056336984 0.050901107 -0.028671157 0.996701181
37979.750000 0.113944709 -0.342438310 2.262997866 0.058291268 0.045762271 -0.031323627 0.996758163
37979.859000 0.114730410 -0.328807086 2.272872210 0.051222879 0.043649044 -0.029988071 0.997282147
37979.937000 0.128367946 -0.348838061 2.331518173 0.038484931 0.047264829 -0.026256749 0.997795343
37980.046000 0.134492591 -0.350886852 2.356878996 0.032716371 0.048096586 -0.026834404 0.997946024
37980.125000 0.145007864 -0.347747177 2.405349970 0.016593948 0.058255225 -0.026108762 0.997822285
37980.218000 0.151843399 -0.347525209 2.433663607 0.016462227 0.062917933 -0.024950648 0.997570992
37980.312000 0.160392269 -0.351537496 2.459913254 0.017354973 0.070172392 -0.023868755 0.997098267
37980.515000 0.178779289 -0.363264173 2.550800800 0.031081105 0.097016536 -0.021155711 0.994572401
37980.703000 0.194879949 -0.386406690 2.651089668 0.033157449 0.110292003 -0.013370357 0.993256032
37980.812000 0.194336444 -0.395138800 2.720104456 0.030882025 0.112331778 -0.010273252 0.993137658
37980.906000 0.191751435 -0.399009675 2.751418114 0.030866751 0.113434069 -0.007909026 0.993034482
37981.062000 0.194180652 -0.399898887 2.837315083 0.025363427 0.107777745 -0.003453090 0.993845403
37981.234000 0.200925604 -0.405157417 2.886378527 0.020422833 0.104474597 -0.003863259 0.994310379
37981.328000 0.207346007 -0.408279508 2.938370466 0.011484065 0.099496171 -0.004405396 0.994961917
37981.406000 0.212113351 -0.413911879 2.961368084 0.013673925 0.095096707 -0.005454240 0.995359182
37981.500000 0.217214882 -0.417748123 2.985347748 0.017268036 0.093166575 -0.008146626 0.995467484
37981.703000 0.228834569 -0.435088515 3.062722206 0.026349684 0.085218206 -0.004376017 0.996004224
37981.781000 0.238171116 -0.440187186 3.103868484 0.033363216 0.083357245 -0.002715185 0.995957434
37981.875000 0.242469952 -0.440348476 3.125250340 0.031570964 0.080857858 -0.003927263 0.996217787
37981.953000 0.247615084 -0.439737231 3.147022486 0.026026249 0.075727604 -0.003928038 0.996781111
37982.062000 0.259236991 -0.444636226 3.189562082 0.016184701 0.067239724 -0.004036132 0.997597396
37982.156000 0.262446612 -0.446051836 3.208238125 0.013024510 0.062121235 -0.004847073 0.997971892
37982.250000 0.268097460 -0.448106855 3.226994514 0.005978819 0.059266962 -0.005261312 0.998210430
37982.328000 0.279290766 -0.454141855 3.265172005 0.007213471 0.058873799 -0.003521650 0.998233199
37982.437000 0.284325302 -0.453069121 3.288906574 0.007321134 0.062676452 -0.003014861 0.998002470
37982.515000 0.301079124 -0.454362661 3.337940454 0.003792213 0.071884446 0.001175606 0.997405112
37982.625000 0.304134130 -0.461809009 3.363358974 0.007222905 0.078108005 0.001316074 0.996917903
37982.703000 0.309332967 -0.465210944 3.394250154 0.011867888 0.086282469 -0.001198318 0.996199310
37982.781000 0.317331851 -0.478420258 3.454535961 0.008867064 0.094708957 0.006335333 0.995445371
37982.890000 0.319375873 -0.482405752 3.484257460 0.009518389 0.097706199 0.008598623 0.995132685
37982.968000 0.318853021 -0.490828484 3.513910055 0.011764192 0.100323819 0.008157108 0.994851887
37983.062000 0.317829311 -0.496873140 3.570789576 0.014797240 0.101988196 0.008399306 0.994640112
37983.156000 0.318251938 -0.498909146 3.598519325 0.017992804 0.100196533 0.009998105 0.994754732
37983.250000 0.313931316 -0.504931986 3.649770498 0.016592829 0.101034090 0.013032046 0.994659245
37983.343000 0.311834902 -0.507019103 3.671173334 0.018032936 0.101779833 0.008767819 0.994604886
37983.500000 0.312258899 -0.512847245 3.713363409 0.011607535 0.095303871 0.005898498 0.995363057
37983.593000 0.319691509 -0.519365191 3.758578062 0.007419275 0.089022204 0.001584926 0.996000767
37983.687000 0.318771511 -0.519624054 3.782052994 0.007269285 0.086352937 -0.001362808 0.996237159
37983.796000 0.344567478 -0.529369473 3.832054377 0.008054261 0.077244334 -0.001197792 0.996978998
37983.875000 0.333215982 -0.530057430 3.853049517 0.013507274 0.077642582 -0.005806211 0.996872842
37983.968000 0.336764574 -0.536408722 3.883548260 0.016278045 0.078082882 -0.005359287 0.996799588
37984.046000 0.350017607 -0.552457809 3.930351257 0.012810562 0.082724944 0.000089233 0.996490121
37984.140000 0.353783309 -0.558982551 3.956117392 0.022642039 0.082944661 -0.001998132 0.996294916
37984.218000 0.357519597 -0.561659157 3.983334303 0.023558283 0.081215210 -0.002726703 0.996414423
37984.296000 0.360909164 -0.565596104 4.005123615 0.022685433 0.076528288 -0.001280825 0.996808469
37984.375000 0.363715351 -0.567625701 4.043868542 0.020349728 0.070583828 -0.001177539 0.997297585
37984.453000 0.360449195 -0.571078897 4.065135479 0.017508486 0.069037788 -0.004660180 0.997449517
37984.546000 0.360739470 -0.570751488 4.083685875 0.013010549 0.062955789 -0.004140418 0.997922957
37984.640000 0.362108082 -0.572241664 4.110558033 0.003133913 0.061262771 -0.006360854 0.998096466
37984.718000 0.355881751 -0.577127218 4.147141457 0.000180121 0.058429260 -0.009088177 0.998250186
37984.812000 0.353866905 -0.578232825 4.171198368 -0.000474630 0.061245941 -0.011118867 0.998060703
37984.890000 0.350977540 -0.583387494 4.192660809 0.004604344 0.064910598 -0.010686982 0.997823238
37984.984000 0.350101292 -0.586386383 4.216497898 0.008474593 0.069863833 -0.011854819 0.997450113
37985.078000 0.343772411 -0.590268672 4.272760868 0.015569856 0.081585832 -0.011500592 0.996478379
37985.156000 0.338547558 -0.594002664 4.301755905 0.018125435 0.080860138 -0.005414248 0.996545911
37985.265000 0.332428992 -0.599571407 4.327092171 0.011213654 0.079760358 -0.003083417 0.996746242
37985.343000 0.322342604 -0.610494792 4.387096882 0.011532437 0.074060671 0.000249430 0.997187018
37985.437000 0.320385218 -0.614741862 4.409223557 0.012999095 0.072309375 0.002027457 0.997295499
37985.531000 0.312958926 -0.622170568 4.456982613 0.008621705 0.078535438 -0.000983404 0.996873558
37985.625000 0.311963975 -0.624565840 4.479378223 0.003432859 0.082259215 -0.001381942 0.996604145
37985.703000 0.305883378 -0.626013637 4.527693272 -0.006561148 0.089607716 -0.009453140 0.995910704
37985.796000 0.302980512 -0.632454395 4.547150612 -0.005701313 0.084284134 -0.012511165 0.996346951
37985.890000 0.301634550 -0.633464634 4.567378998 -0.006014128 0.082620934 -0.014184759 0.996461928
37985.984000 0.300364166 -0.638569176 4.585074425 -0.000518817 0.077643551 -0.013545089 0.996889055
37986.078000 0.304464459 -0.643986106 4.631228447 -0.000002760 0.072867289 -0.015136266 0.997226775
37986.156000 0.308052033 -0.646312177 4.655250549 0.001715390 0.070382208 -0.015615820 0.997396410
37986.281000 0.320708275 -0.654418886 4.707699776 0.004643441 0.069925770 -0.010960015 0.997481227
37986.375000 0.326722592 -0.660206497 4.728309155 0.008823019 0.072604969 -0.011666548 0.997253537
37986.468000 0.343128294 -0.672785282 4.786248684 0.013389951 0.072887816 -0.005901039 0.997232854
37986.562000 0.353796721 -0.680435121 4.824768066 0.006858150 0.077281535 -0.001721278 0.996984243
37986.640000 0.361394733 -0.690764010 4.872844696 0.021206006 0.075365253 -0.008641332 0.996893048
37986.734000 0.368607223 -0.696127117 4.901671410 0.008439138 0.075746372 -0.009767932 0.997043550
37986.828000 0.375303417 -0.693048656 4.921262741 0.008049862 0.075561233 -0.013717689 0.997014284
37986.921000 0.382734597 -0.701109111 4.957507133 0.005988966 0.072957806 -0.016814917 0.997175336
37987.015000 0.386562020 -0.700061679 4.975862026 0.004683154 0.073578075 -0.017489105 0.997125089
37987.093000 0.390269101 -0.702728629 4.992599010 0.007084535 0.068841249 -0.018042434 0.997439325
37987.203000 0.398735255 -0.703150749 5.035240173 -0.001774596 0.065773517 -0.016790152 0.997691751
37987.296000 0.402588218 -0.704708159 5.055942059 -0.005233497 0.062761471 -0.017863555 0.997855008
37987.375000 0.402950823 -0.710222304 5.113034725 -0.017582472 0.063226484 -0.018577913 0.997671366
37987.468000 0.402448207 -0.712695062 5.135069370 -0.012298138 0.063448563 -0.020249430 0.997703910
37987.562000 0.402623147 -0.716178715 5.164799213 -0.010099805 0.065027595 -0.022785297 0.997572184
37987.671000 0.403621465 -0.733346045 5.222129345 -0.000899128 0.075696543 -0.021915350 0.996889651
37987.765000 0.407923013 -0.739708126 5.253107071 0.002471783 0.078689739 -0.019570531 0.996703982
37987.875000 0.410179615 -0.751309574 5.314071178 0.000532512 0.085074604 -0.021602379 0.996140242
37987.953000 0.412542105 -0.756256938 5.345399380 -0.008497013 0.087283663 -0.021892976 0.995906651
37988.062000 0.400849819 -0.780128896 5.400139809 -0.011287625 0.087249354 -0.017926645 0.995961249
37988.140000 0.407606900 -0.757882059 5.422052860 -0.010330296 0.079925522 -0.019886671 0.996548951
37988.265000 0.409714997 -0.757293701 5.445390224 -0.011625933 0.072706990 -0.016425041 0.997150302
37988.375000 0.411687970 -0.758245170 5.487921238 -0.017717650 0.068082668 -0.010306604 0.997469127
37988.453000 0.417714387 -0.763214171 5.528205872 -0.017311621 0.063725077 -0.010229428 0.997764885
37988.546000 0.419286728 -0.764107764 5.552720070 -0.017523136 0.061554343 -0.009786760 0.997901917
37988.640000 0.425474733 -0.764719665 5.574447632 -0.015597626 0.057908505 -0.009434491 0.998155475
37988.734000 0.431077927 -0.773463726 5.624371052 -0.014980672 0.056912642 -0.012029611 0.998194277
37988.812000 0.435000569 -0.779759109 5.652099133 -0.015666468 0.059054427 -0.011143993 0.998069644
37988.906000 0.442358613 -0.789163232 5.679512501 -0.009787118 0.064433090 -0.012710748 0.997793078
37989.000000 0.452419460 -0.809632003 5.729129791 -0.004585770 0.074883215 -0.009598035 0.997135580
37989.078000 0.459875226 -0.813806713 5.748513222 -0.001217503 0.077717751 -0.009117060 0.996933043
37989.171000 0.466186821 -0.818409920 5.768798828 0.010914939 0.076589510 -0.011273677 0.996939242
37989.265000 0.475157320 -0.821562231 5.817495823 0.003089306 0.075360157 -0.014622681 0.997044384
37989.359000 0.478563637 -0.821632981 5.834802628 -0.005237076 0.076574095 -0.011591298 0.996982753
37989.437000 0.485069573 -0.819353878 5.854376316 -0.008824153 0.075529575 -0.010384317 0.997050464
37989.546000 0.488317221 -0.819848001 5.901648521 -0.022837134 0.077754833 -0.009111750 0.996669292
37989.640000 0.490521431 -0.819726884 5.920779228 -0.024576470 0.080683321 -0.011203061 0.996373773
37989.734000 0.493736982 -0.824543357 5.970085621 -0.024714172 0.092637450 -0.008660605 0.995355487
37989.812000 0.489230365 -0.829036057 5.990943909 -0.022773573 0.100615948 -0.008006245 0.994632483
37989.906000 0.491602212 -0.833321691 6.013590813 -0.014480800 0.107774295 -0.006740203 0.994047105
37989.984000 0.490981162 -0.850133777 6.064116001 -0.009132172 0.127029449 0.003816725 0.991849661
37990.078000 0.483090490 -0.842476130 6.081212997 -0.002684528 0.138890907 0.006859647 0.990280330
37990.171000 0.483232588 -0.856557071 6.105745316 0.009311623 0.143343508 0.006573768 0.989607334
37990.265000 0.480320334 -0.865280271 6.168226719 0.001013329 0.158047929 0.015038955 0.987316370
37990.359000 0.468861431 -0.867089272 6.190069675 0.002488618 0.161575675 0.015413726 0.986736834
37990.437000 0.471162885 -0.865706086 6.213317871 0.004938841 0.160435334 0.015013441 0.986919820
37990.531000 0.460936069 -0.865097880 6.247827053 -0.008243811 0.151917726 0.015026169 0.988244593
37990.625000 0.455776542 -0.864763975 6.266647816 -0.016108327 0.150994331 0.016733618 0.988261700
37990.703000 0.456326574 -0.871559083 6.291602135 -0.009972640 0.145250469 0.016860435 0.989200950
37990.796000 0.460932195 -0.868837714 6.334897995 -0.016841995 0.144711822 0.009316901 0.989286661
37990.875000 0.465953857 -0.866594076 6.365337372 -0.015662143 0.138285160 0.009526097 0.990222871
37990.968000 0.469425589 -0.870350480 6.374434948 -0.016698251 0.134612352 0.014181608 0.990656137
37991.062000 0.479525059 -0.884959221 6.416138172 -0.005729988 0.140081033 0.015747525 0.989998281
37991.140000 0.486650944 -0.883221149 6.448814869 -0.006482896 0.144509584 0.012850411 0.989398718
37991.218000 0.491990566 -0.899525523 6.479846001 -0.013563828 0.147835657 0.012572706 0.988839030
37991.328000 0.500810146 -0.910114348 6.505795002 -0.003236004 0.143125564 0.017341917 0.989547312
37991.421000 0.502200603 -0.909818113 6.530560970 -0.007170106 0.142111957 0.015517810 0.989703000
37991.500000 0.503052056 -0.910380781 6.553244114 -0.005327606 0.136869028 0.011926875 0.990503013
37991.593000 0.500825763 -0.924637973 6.594526291 -0.023700807 0.131129995 0.013032819 0.990996122
37991.687000 0.533300817 -1.019596457 6.644957542 -0.033504210 0.127310649 0.023412848 0.991020322
37991.781000 0.492833197 -0.938367844 6.700066090 -0.025536196 0.132516429 0.011643788 0.990783393
37991.859000 0.506988227 -0.924714744 6.690404892 -0.025105614 0.137316719 0.019255336 0.990021765
37991.953000 0.504284024 -0.932011306 6.702518940 -0.023111543 0.141701028 0.018313730 0.989470243
37992.046000 0.506424665 -0.943572402 6.747435570 -0.016868340 0.156608880 0.019462185 0.987324893
37992.140000 0.502607942 -0.943772912 6.770834923 -0.013033061 0.166768372 0.020451572 0.985697806
37992.218000 0.501510561 -0.945731044 6.805637360 -0.011919118 0.175888494 0.028017592 0.983939111
37992.312000 0.500475287 -0.954074383 6.848948479 -0.003345571 0.184209734 0.033683851 0.982303917
37992.421000 0.494216532 -0.959738433 6.875584602 -0.002889532 0.185870811 0.035047084 0.981944680
37992.500000 0.479061902 -0.971073687 6.925837517 -0.000289861 0.188863024 0.031218022 0.981507063
37992.609000 0.477213919 -0.971125484 6.946652412 0.005641469 0.186089531 0.027208706 0.982139766
37992.703000 0.473498762 -0.974306345 6.972245216 0.006212195 0.183525890 0.028399225 0.982584953
37992.796000 0.460700631 -0.975887597 7.015721798 0.007976003 0.177375987 0.025473528 0.983781099
37992.890000 0.453507125 -0.983352125 7.034964561 0.005977299 0.170396477 0.027790705 0.984965503
37992.984000 0.453539580 -0.977851927 7.077256203 -0.003640562 0.163167715 0.025610045 0.986259162
37993.078000 0.453509420 -0.977803588 7.104306698 -0.001852387 0.158179164 0.022939321 0.987142265
37993.171000 0.451349020 -0.982694685 7.124000549 -0.006029891 0.154887125 0.022969766 0.987646699
37993.250000 0.452495545 -0.990502775 7.168742657 -0.006029248 0.149939001 0.020430056 0.988465786
37993.359000 0.454660118 -0.997120917 7.195843220 0.001805443 0.147834376 0.016557034 0.988871872
37993.437000 0.460034370 -1.008510828 7.245414257 0.005256142 0.146976829 0.020746183 0.988908410
37993.531000 0.460012496 -1.018983960 7.275101662 0.005535976 0.144132793 0.020127000 0.989338160
37993.625000 0.464366883 -1.023219943 7.302956581 0.005444287 0.138437882 0.019664394 0.990160942
37993.703000 0.459082454 -1.029243708 7.355422974 0.005906628 0.130485401 0.015621511 0.991309583
37993.781000 0.466628671 -1.041438222 7.365652561 -0.002197464 0.125573456 0.018839505 0.991903067
37993.875000 0.468526423 -1.023504019 7.408046246 -0.012601691 0.127555326 0.018390758 0.991580904
37993.968000 0.467976451 -1.031008601 7.425171375 -0.013185179 0.128595665 0.017511627 0.991454840
37994.062000 0.471582830 -1.041183710 7.470351696 -0.019388586 0.134784505 0.014440838 0.990579963
37994.140000 0.479825675 -1.045534015 7.496922493 -0.015631614 0.140681297 0.012263123 0.989855587
37994.234000 0.479595691 -1.047071695 7.525502205 -0.015512788 0.145934075 0.013251823 0.989083946
37994.312000 0.482690752 -1.053510547 7.591069221 -0.008236927 0.159105033 0.014604654 0.987119257
37994.390000 0.483540386 -1.058084249 7.622404099 -0.005974023 0.161419034 0.023494640 0.986588180
37994.484000 0.484001458 -1.060779214 7.657815933 -0.007631667 0.163224518 0.024641048 0.986251652
37994.578000 0.481023639 -1.069069505 7.690373898 -0.011591105 0.164804861 0.028706701 0.985840201
37994.671000 0.471944481 -1.068453670 7.733298779 -0.000993632 0.165924281 0.029352996 0.985701084
37994.750000 0.470208913 -1.078230739 7.750644684 0.001785558 0.164776936 0.031649426 0.985821307
37994.828000 0.462382078 -1.080762982 7.808399200 0.004774660 0.162666142 0.033114690 0.986113787
37994.921000 0.477838695 -1.052405238 7.810266972 0.002934105 0.143837079 0.027616642 0.989211619
37995.015000 0.451138079 -1.071645617 7.840109825 -0.010073178 0.139237642 0.026536878 0.989852130
37995.109000 0.456744373 -1.058435321 7.867706299 -0.013988640 0.134155467 0.023132266 0.990591526
37995.187000 0.453794867 -1.065773964 7.918932438 -0.017845845 0.122790821 0.017959597 0.992109597
37995.265000 0.455016881 -1.068363190 7.945330143 -0.018226404 0.119784288 0.016326072 0.992498398
37995.359000 0.457657427 -1.083674550 7.974006176 -0.012341799 0.116362482 0.014221723 0.993028343
37995.453000 0.487554789 -1.095834136 8.026499748 -0.003721169 0.114076957 0.004361860 0.993455350
37995.546000 0.473574191 -1.101063013 8.051042557 -0.002143147 0.116248406 0.002330533 0.993215144
37995.640000 0.490550041 -1.111852765 8.081116676 0.001788034 0.112712435 0.003227656 0.993620813
37995.734000 0.492600173 -1.144274592 8.128517151 0.016123131 0.100614265 -0.001446682 0.994793832
37995.828000 0.497583151 -1.137444735 8.210306168 0.011485486 0.101199582 -0.009434633 0.994755089
37995.921000 0.508948863 -1.159539342 8.223566055 0.006873390 0.093193620 -0.017028093 0.995478690
37996.015000 0.512869596 -1.163322449 8.246797562 0.003751771 0.092622079 -0.016035376 0.995565176
37996.093000 0.523088217 -1.164541960 8.267367363 0.000283516 0.092256218 -0.013926853 0.995637894
37996.218000 0.539473057 -1.173516273 8.308317184 0.000874950 0.095977776 -0.010440358 0.995328367
37996.296000 0.556456149 -1.171237230 8.364508629 -0.005937413 0.104428247 -0.011162902 0.994452059
37996.375000 0.562202692 -1.176761389 8.392034531 -0.004155559 0.108772568 -0.007953165 0.994026184
37996.468000 0.567467034 -1.180530667 8.420246124 0.000994502 0.113064900 -0.007212597 0.993560970
37996.562000 0.573599756 -1.182239294 8.450335503 0.007791087 0.116758294 -0.008388005 0.993094385
37996.656000 0.581039250 -1.208322525 8.503494263 0.015392829 0.118568555 -0.004143347 0.992817938
37996.765000 0.591387630 -1.213911533 8.532135010 0.020948362 0.119684823 -0.004792963 0.992579341
37996.843000 0.598367274 -1.226273060 8.589761734 0.019564262 0.120761596 -0.006491414 0.992467523
37996.937000 0.598440349 -1.225863934 8.619114876 0.016465526 0.120130733 -0.007073606 0.992596328
37997.031000 0.602797687 -1.228042126 8.643319130 0.014145565 0.118084632 -0.006899762 0.992878795
37997.140000 0.615567327 -1.230101466 8.689777374 0.006541688 0.107085444 -0.009333144 0.994184554
37997.218000 0.620369852 -1.233195901 8.708872795 0.007324563 0.101338960 -0.009329039 0.994781256
37997.312000 0.634676576 -1.234891891 8.756671906 0.002195582 0.091056548 -0.004994388 0.995830774
37997.390000 0.642072618 -1.237385392 8.772442818 -0.002544332 0.086515993 -0.001940997 0.996245325
37997.468000 0.650582910 -1.237975121 8.797078133 -0.002826198 0.080629580 -0.000301681 0.996740103
37997.546000 0.657482386 -1.240308285 8.817895889 -0.005431660 0.075899176 -0.002633003 0.997097254
37997.640000 0.665333092 -1.243536472 8.842012405 -0.009963515 0.075369857 -0.006333143 0.997085810
37997.750000 0.679798961 -1.255489469 8.878072739 -0.000097860 0.069865942 -0.009020369 0.997515619
37997.843000 0.689029992 -1.263378382 8.905659676 -0.000697213 0.069706775 -0.010098246 0.997516155
37997.937000 0.706155658 -1.280242443 8.944947243 0.010145789 0.069153123 -0.010980990 0.997494042
37998.031000 0.713944793 -1.284939289 8.970339775 0.014696778 0.066448852 -0.008920508 0.997641742
37998.109000 0.728470862 -1.290391922 9.016593933 0.015536472 0.061875656 -0.006435044 0.997942209
37998.187000 0.725210905 -1.290335774 9.040040016 0.016513947 0.058298603 -0.009199883 0.998120248
37998.281000 0.729399621 -1.297717452 9.060664177 0.003208447 0.056805462 -0.004076851 0.998371780
37998.375000 0.730375946 -1.290794492 9.081407547 -0.000154233 0.059678752 -0.006804706 0.998194456
37998.453000 0.731648803 -1.295395374 9.132141113 -0.007655936 0.054327335 -0.006776984 0.998470843
37998.546000 0.728641927 -1.298164725 9.154356003 -0.008317839 0.055709779 -0.006808814 0.998389125
37998.640000 0.729011416 -1.300456405 9.184331894 -0.000716608 0.055074465 -0.005160947 0.998468697
37998.734000 0.725066841 -1.307572722 9.237485886 0.004603033 0.069409847 -0.014277901 0.997475445
37998.828000 0.723540962 -1.313862085 9.262180328 0.009717368 0.070800222 -0.014465916 0.997338295
37998.937000 0.713807523 -1.323073268 9.318526268 0.008331560 0.075510129 -0.008875429 0.997070730
37999.046000 0.709879458 -1.326035261 9.351016045 0.004636089 0.075565219 -0.007132069 0.997104585
37999.140000 0.700829029 -1.334287405 9.399034500 0.008381067 0.070138484 -0.004958346 0.997489750
37999.234000 0.694273770 -1.337782621 9.420855522 0.012118878 0.069048442 -0.006062428 0.997521281
37999.328000 0.679888427 -1.340400457 9.464079857 0.020835048 0.063548975 -0.013065364 0.997675657
37999.421000 0.675918102 -1.339329243 9.485934258 0.015127749 0.055783696 -0.014966213 0.998216093
37999.515000 0.673930347 -1.343768954 9.505431175 0.002904764 0.050411198 -0.015676497 0.998601258
37999.609000 0.665877104 -1.351965308 9.547680855 0.001989282 0.041046757 -0.018522354 0.998983562
37999.718000 0.664721310 -1.354142666 9.568995476 0.000827311 0.036596298 -0.018852092 0.999151945
37999.812000 0.666216075 -1.359102249 9.612208366 0.005796304 0.028860264 -0.020501193 0.999356389
37999.890000 0.668564320 -1.361797810 9.633454323 0.008558768 0.028476201 -0.020495486 0.999347687
37999.984000 0.676452816 -1.372637391 9.675592422 0.023119939 0.031171082 -0.016924091 0.999103367
38000.062000 0.676735342 -1.379082441 9.702689171 0.018547451 0.033059083 -0.018786274 0.999104679
38000.156000 0.681600451 -1.385041952 9.726556778 0.014784616 0.035803631 -0.018675426 0.999074936
38000.234000 0.690592527 -1.392835021 9.777817726 0.017710058 0.031175155 -0.016753813 0.999216616
38000.359000 0.693810642 -1.397464633 9.803694725 0.017540926 0.026253384 -0.016182197 0.999370396
38000.468000 0.704862833 -1.402963042 9.856040001 0.009226640 0.018098976 -0.014472189 0.999688864
38000.546000 0.710307002 -1.402634144 9.881235123 0.008033599 0.016997680 -0.014511392 0.999717951
38000.640000 0.724479079 -1.411008716 9.934191704 -0.002391305 0.022146178 -0.012791677 0.999670088
38000.718000 0.732586920 -1.413458705 9.965732574 -0.006391545 0.029345846 -0.013458696 0.999458313
38000.812000 0.738293171 -1.416559935 9.994602203 -0.004196367 0.037302509 -0.014713141 0.999186933
38000.906000 0.742879689 -1.420939565 10.028120995 0.004788346 0.041403931 -0.015546446 0.999010086
38000.984000 0.754119694 -1.431321263 10.100382805 0.008976496 0.049734786 -0.016268708 0.998589635
38001.078000 0.760275245 -1.438731074 10.143896103 0.005921610 0.049659654 -0.011127351 0.998686671
38001.187000 0.763995707 -1.452966452 10.178225517 0.004874212 0.054192711 -0.006990448 0.998494148
38001.265000 0.765237391 -1.470298529 10.240785599 0.020593517 0.062288187 -0.010439720 0.997791111
38001.343000 0.767195642 -1.477045774 10.270233154 0.021528771 0.063592263 -0.010555409 0.997687876
38001.453000 0.767164707 -1.477827191 10.297636986 0.019916544 0.064470887 -0.011487514 0.997654736
38001.531000 0.770354450 -1.484419107 10.348623276 0.015501524 0.057152435 -0.008640755 0.998207748
38001.625000 0.770096004 -1.484868526 10.371623993 0.015700508 0.054308780 -0.011329825 0.998336494
38001.718000 0.774151444 -1.490668416 10.419255257 0.009342480 0.049055427 -0.015624505 0.998630166
38001.812000 0.777272224 -1.494141936 10.444456100 0.011526396 0.047548629 -0.018871473 0.998624146
38001.937000 0.782294691 -1.498582125 10.466258049 0.014324334 0.044196382 -0.019150136 0.998736620
38002.015000 0.794623256 -1.506157637 10.522337914 0.019254137 0.039567366 -0.020983191 0.998811007
38002.109000 0.800893664 -1.511595249 10.556026459 0.022045823 0.037875954 -0.021320330 0.998811722
38002.218000 0.815834880 -1.530365586 10.611978531 0.032540057 0.039662603 -0.018638270 0.998509228
38002.312000 0.821936548 -1.540428400 10.643582344 0.036507156 0.041217361 -0.022551017 0.998228371
38002.406000 0.835029542 -1.553388834 10.701093674 0.032859266 0.038716637 -0.026824694 0.998349488
38002.531000 0.839573920 -1.560021877 10.729084015 0.035887629 0.031303793 -0.028867126 0.998448253
38002.609000 0.848111689 -1.571069241 10.784218788 0.011776325 0.034547035 -0.025405506 0.999010742
38002.703000 0.853248239 -1.573532581 10.809043884 0.019838491 0.033949912 -0.024763694 0.998919725
38002.781000 0.861040175 -1.579483390 10.865455627 0.015793769 0.037711095 -0.018803651 0.998986959
38002.875000 0.865278840 -1.583283067 10.892778397 0.020535763 0.044116065 -0.016593631 0.998677492
38002.968000 0.870739102 -1.583754301 10.926574707 0.024518717 0.048424222 -0.014646133 0.998418450
38003.046000 0.876753092 -1.589283705 10.990850449 0.025243670 0.062180407 -0.010005259 0.997695506
38003.140000 0.882355511 -1.594131708 11.023223877 0.021798015 0.065221958 0.000870724 0.997632325
38003.218000 0.883117676 -1.602038264 11.047719002 0.026676176 0.069095574 0.000719246 0.997253060
38003.312000 0.882726789 -1.608935595 11.077052116 0.030189564 0.071994849 -0.000096891 0.996948004
38003.390000 0.879395425 -1.618580222 11.132778168 0.032682940 0.069868632 -0.004362769 0.997011125
38003.468000 0.877875388 -1.622530103 11.154875755 0.032406349 0.069471128 -0.008418086 0.997021973
38003.546000 0.877212465 -1.626134157 11.180115700 0.032743007 0.064506114 -0.009165267 0.997337878
38003.640000 0.876607001 -1.630420208 11.202688217 0.025557665 0.061068807 -0.006934838 0.997782171
38003.734000 0.877172172 -1.634629965 11.248527527 0.027901256 0.054695196 -0.010237999 0.998060703
38003.812000 0.879450500 -1.640537500 11.271952629 0.020168809 0.052871473 -0.013965279 0.998300016
38003.906000 0.883217692 -1.639458895 11.298769951 0.016047822 0.048095357 -0.012750254 0.998632491
38004.000000 0.893430531 -1.642228961 11.351437569 0.018039102 0.041933414 -0.004625065 0.998946846
38004.078000 0.901323974 -1.644174218 11.376112938 0.022258881 0.037098825 -0.001824108 0.999062002
38004.156000 0.905292690 -1.650790691 11.405579567 0.025166033 0.033738788 -0.000963048 0.999113321
38004.265000 0.920153916 -1.668505669 11.459783554 0.028956521 0.035337105 -0.003008690 0.998951375
38004.359000 0.928273737 -1.676476359 11.485569954 0.031886362 0.035416618 -0.005815456 0.998846948
38004.453000 0.941904724 -1.686129808 11.541107178 0.025216999 0.029928792 -0.002528937 0.999230683
38004.546000 0.946537971 -1.691435099 11.564008713 0.029141262 0.025786890 -0.006589897 0.999220908
38004.640000 0.950950146 -1.697538733 11.586295128 0.025874663 0.018506551 -0.010525632 0.999438465
38004.734000 0.952354431 -1.698905110 11.634149551 0.009931994 0.011096931 -0.012265266 0.999813855
38004.828000 0.956563115 -1.699619770 11.655162811 0.011469209 0.007034209 -0.014081851 0.999810338
38004.906000 0.967120409 -1.701213241 11.698084831 -0.002484857 0.001341327 -0.015592367 0.999874473
38005.015000 0.970415652 -1.703231454 11.719097137 -0.005823365 0.004456307 -0.014530750 0.999867558
38005.109000 0.970268786 -1.705644727 11.740442276 -0.001130891 0.005549947 -0.015312364 0.999866784
38005.218000 0.978294373 -1.710045099 11.795553207 -0.002864069 0.010573898 -0.017732376 0.999782741
38005.296000 0.983638465 -1.713473082 11.821713448 0.000600741 0.011437314 -0.016031530 0.999805868
38005.375000 0.987556636 -1.730323315 11.884389877 0.013862207 0.017922631 -0.018296944 0.999575853
38005.468000 0.988661826 -1.740639687 11.915901184 0.016792268 0.023200927 -0.021325504 0.999362290
38005.562000 0.991983414 -1.750525594 11.944912910 0.019245241 0.025055137 -0.018841976 0.999323189
38005.656000 0.995677114 -1.766757846 11.999953270 0.027130868 0.035186399 -0.016391445 0.998877943
38005.734000 0.996514261 -1.768479943 12.029552460 0.035069384 0.036293913 -0.014838342 0.998615384
38005.828000 0.997690976 -1.771937847 12.054883957 0.033586629 0.039776586 -0.013529757 0.998552322
38005.921000 0.995674014 -1.776196122 12.101287842 0.042200953 0.035778563 -0.015816705 0.998343050
38006.000000 0.996055901 -1.782112241 12.121066093 0.041960098 0.033393729 -0.015561513 0.998439789
38006.078000 0.998011470 -1.783758521 12.140995026 0.042300448 0.032299887 -0.016267812 0.998450279
38006.171000 0.999056756 -1.786807656 12.164825439 0.043370139 0.031292304 -0.016234117 0.998436928
38006.250000 1.008357882 -1.788747787 12.215965271 0.034425300 0.024610233 -0.011312077 0.999040186
38006.343000 1.016289353 -1.789091110 12.240825653 0.033003431 0.021446729 -0.007129912 0.999199688
38006.421000 1.019372225 -1.791853428 12.267476082 0.033086020 0.019758742 -0.005986724 0.999239266
38006.500000 1.029698968 -1.801130772 12.325875282 0.040521555 0.019870723 -0.010630020 0.998924553
38006.593000 1.035611153 -1.806580544 12.353501320 0.040003072 0.017678065 -0.010548844 0.998987556
38006.687000 1.040948749 -1.816310525 12.387116432 0.036434513 0.019943833 -0.012030372 0.999064624
38006.765000 1.045202136 -1.823267102 12.415222168 0.038973670 0.021788646 -0.012752178 0.998921275
38006.859000 1.050474405 -1.833165050 12.470169067 0.043934796 0.018171415 -0.017902385 0.998708665
38006.937000 1.050736308 -1.834475517 12.498725891 0.036043193 0.022531649 -0.022785598 0.998836339
38007.015000 1.053321481 -1.832572937 12.519645691 0.030302206 0.016265249 -0.019497873 0.999218225
38007.109000 1.063675284 -1.836267233 12.571162224 0.027346628 0.013524992 -0.012230685 0.999459684
38007.203000 1.054709196 -1.840837955 12.590818405 0.024195665 0.010550947 -0.013002669 0.999567032
38007.296000 1.053718209 -1.836849570 12.620365143 0.012355648 0.014066344 -0.013776495 0.999729812
38007.375000 1.053061843 -1.838837981 12.682188034 0.014355212 0.017024748 -0.010789934 0.999693811
38007.468000 1.055594683 -1.842173696 12.715583801 0.017590515 0.020276975 -0.009316658 0.999596238
38007.562000 1.059266806 -1.847818017 12.749184608 0.023198565 0.025243293 -0.008670325 0.999374509
38007.671000 1.061420679 -1.865505695 12.826369286 0.023705542 0.038256321 -0.003506688 0.998980641
38007.765000 1.059310198 -1.872612000 12.861606598 0.028429829 0.042123694 -0.004927040 0.998695672
38007.859000 1.060625553 -1.889396071 12.927078247 0.028031759 0.046869799 -0.002694228 0.998503983
38007.937000 1.059970975 -1.892188907 12.958654404 0.028708572 0.048765186 -0.001052045 0.998397052
38008.031000 1.057528853 -1.893351674 12.990362167 0.024095297 0.049973000 -0.001752583 0.998458326
38008.109000 1.059289694 -1.895016789 13.044998169 0.016008714 0.047236282 0.000639099 0.998755276
38008.203000 1.059589148 -1.897892952 13.069715500 0.011411032 0.047193024 0.001746299 0.998819113
38008.281000 1.060000181 -1.900571465 13.093528748 0.012292221 0.047831517 0.000702180 0.998779535
38008.375000 1.067022562 -1.904552102 13.128423691 0.013886280 0.044563036 -0.001500323 0.998908937
38008.484000 1.067612410 -1.910852075 13.179019928 0.012635754 0.040438570 -0.009197344 0.999059796
38008.578000 1.070454001 -1.916348338 13.208960533 0.015908834 0.038458504 -0.012703042 0.999052823
38008.671000 1.082433939 -1.930128813 13.268873215 0.033324227 0.033941463 -0.017200716 0.998719990
38008.765000 1.089814663 -1.939761758 13.303318977 0.025489688 0.036618415 -0.015618444 0.998882115
38008.859000 1.100378036 -1.960067153 13.363652229 0.028946701 0.040419400 -0.021618370 0.998529434
38008.953000 1.105826378 -1.967968583 13.396243095 0.026344236 0.040568613 -0.022396553 0.998578310
38009.046000 1.106428027 -1.977082372 13.424829483 0.028835567 0.040317673 -0.022177046 0.998524487
38009.140000 1.113261700 -1.981523037 13.475937843 0.027657587 0.033744104 -0.022470413 0.998795033
38009.234000 1.116358280 -1.982791305 13.504657745 0.023152962 0.029691365 -0.021553516 0.999058485
38009.328000 1.123597741 -1.987367868 13.554564476 0.014169344 0.027092520 -0.013634813 0.999439538
38009.421000 1.124262333 -1.990452051 13.581512451 0.016601853 0.026487643 -0.013233481 0.999423683
38009.500000 1.124164939 -1.996870279 13.609860420 0.012822977 0.028087115 -0.016508760 0.999386907
38009.609000 1.125131011 -2.007139921 13.667888641 0.021661639 0.046425350 -0.020324115 0.998480082
38009.687000 1.124840617 -2.013978481 13.699018478 0.030017722 0.057316162 -0.020671681 0.997690558
38009.781000 1.130331278 -2.023717880 13.761049271 0.033253893 0.070156768 -0.009587166 0.996935427
38009.875000 1.129304886 -2.030422688 13.795871735 0.023473425 0.075250320 -0.012659965 0.996807992
38009.968000 1.126969337 -2.034581423 13.827050209 0.017955244 0.077997595 -0.013997591 0.996693611
38010.046000 1.121574521 -2.041834116 13.873718262 0.027291022 0.078368776 -0.009792467 0.996502757
38010.140000 1.120637894 -2.041731119 13.897145271 0.027582821 0.078256942 -0.008078897 0.996518910
38010.234000 1.117879510 -2.044952631 13.917678833 0.028993096 0.076134585 -0.008387990 0.996640682
38010.328000 1.114666343 -2.049933910 13.969856262 0.016328318 0.072706446 -0.007489545 0.997191668
38010.421000 1.115599513 -2.051886559 13.988445282 0.018903978 0.069025263 -0.007290517 0.997409165
38010.515000 1.120703459 -2.053855896 14.043932915 0.012849683 0.062094480 -0.012618760 0.997907817
38010.609000 1.125244260 -2.056745052 14.074321747 0.012947540 0.059980769 -0.011235493 0.998052359
38010.687000 1.131134391 -2.060504675 14.102346420 0.022907007 0.054458052 -0.009261528 0.998210311
38010.781000 1.136948466 -2.078539610 14.165526390 0.022088623 0.056119595 -0.015758283 0.998055339
38010.875000 1.141854882 -2.090224981 14.202975273 0.033597756 0.051246367 -0.014841527 0.998010397
38010.968000 1.145546556 -2.101137877 14.235460281 0.037614066 0.053149197 -0.012189792 0.997803509
38011.062000 1.154515028 -2.116036654 14.296014786 0.041173223 0.039796848 -0.004818247 0.998347521
38011.140000 1.151810408 -2.119233847 14.324934959 0.044600476 0.038435780 -0.010756265 0.998207331
38011.234000 1.156132221 -2.123844624 14.353926659 0.046411984 0.031190285 -0.016865620 0.998292863
38011.312000 1.166825175 -2.126011848 14.410538673 0.019056017 0.029136376 -0.014990750 0.999281347
38011.390000 1.171063185 -2.128883123 14.438209534 0.025771046 0.025681736 -0.013913018 0.999241114
38011.484000 1.178037167 -2.132437468 14.465250969 0.019381501 0.024101410 -0.014644308 0.999414325
38011.562000 1.179593563 -2.134626389 14.498916626 0.009556098 0.031070475 -0.015561844 0.999350369
38011.640000 1.192499280 -2.137403727 14.563055992 0.015236815 0.036912784 -0.006944327 0.999178231
38011.750000 1.197603345 -2.140279770 14.600161552 0.017294183 0.044377655 -0.007467514 0.998837233
38011.843000 1.201483846 -2.147823572 14.632520676 0.019146590 0.050005216 -0.005998820 0.998547435
38011.937000 1.206516504 -2.171360493 14.704335213 0.006552293 0.062475763 -0.007849458 0.997994125
38012.015000 1.205912590 -2.181258678 14.733779907 0.022587568 0.062082227 -0.009475517 0.997770429
38012.125000 1.203979611 -2.189291477 14.790562630 0.029869847 0.059763502 -0.008095069 0.997732759
38012.218000 1.203726411 -2.191811562 14.820812225 0.026537638 0.059201557 -0.008246001 0.997859240
38012.312000 1.202672482 -2.195027828 14.846095085 0.031393792 0.050163224 -0.008276141 0.998213232
38012.390000 1.207098722 -2.200877666 14.890753746 0.026572078 0.040648628 -0.013705968 0.998726070
38012.500000 1.203895569 -2.205867052 14.917471886 0.028773716 0.035644893 -0.014048427 0.998851478
38012.578000 1.211225629 -2.210049391 14.963289261 0.022123899 0.029253626 -0.016189696 0.999195993
38012.671000 1.219348669 -2.212188244 14.991161346 0.018444337 0.026783217 -0.014374418 0.999367714
38012.781000 1.221217036 -2.215624094 15.017124176 0.014834337 0.030464347 -0.012238268 0.999350846
38012.859000 1.233381033 -2.227822304 15.066255569 0.025510438 0.023922274 -0.014884830 0.999277472
38012.953000 1.238205075 -2.239713907 15.092533112 0.023822308 0.021656405 -0.012887896 0.999398589
38013.062000 1.235598207 -2.243681908 15.125238419 0.032435458 0.015550666 -0.011555670 0.999286056
38013.171000 1.244318604 -2.256883621 15.170311928 0.024224257 0.012119019 -0.022609690 0.999377370
38013.437000 1.250299692 -2.264463425 15.274309158 0.015953252 0.001351597 -0.022321280 0.999622643
38013.734000 1.166639686 -2.488216877 15.541700363 0.013521228 0.029413573 -0.004033356 0.999467790
38013.843000 1.248661518 -2.292166233 15.461189270 0.032939862 0.039161764 -0.015171036 0.998574615
38014.000000 1.239552379 -2.306339264 15.550180435 0.038686093 0.059220951 -0.007951972 0.997463346
38014.109000 1.238881946 -2.312770367 15.584475517 0.047200516 0.057447422 -0.004143725 0.997223556
38014.187000 1.230264425 -2.309532404 15.638079643 0.026059220 0.067117542 -0.000289766 0.997404695
38014.265000 1.218715310 -2.310233116 15.663922310 0.029804589 0.066314474 0.000302256 0.997353494
38014.343000 1.216225982 -2.310239553 15.690752029 0.019547407 0.063157111 0.001595562 0.997810900
38014.453000 1.214658022 -2.316526651 15.715984344 0.011271650 0.065314084 -0.000355842 0.997801065
38014.531000 1.215420008 -2.327696323 15.769220352 0.016701272 0.064145058 -0.001362073 0.997799993
38014.625000 1.219730020 -2.327992439 15.801333427 0.014696358 0.066079363 -0.001643247 0.997704804
38014.703000 1.223458171 -2.330689430 15.833570480 0.013274767 0.071007624 -0.000884376 0.997387052
38014.781000 1.235867023 -2.341716290 15.893018723 0.020638358 0.074110337 0.000315792 0.997036517
38014.875000 1.240213037 -2.354567528 15.926595688 0.017331839 0.078418337 0.005672032 0.996753812
38014.953000 1.249142170 -2.354327440 15.966863632 0.025216505 0.077425137 0.007916816 0.996647775
38015.593000 1.275816798 -2.387820482 16.215190887 0.020524265 0.061435349 -0.003545641 0.997893810
38015.703000 1.275478005 -2.400940180 16.278528214 0.022745628 0.063918285 -0.003808337 0.997688651
38015.875000 1.274376631 -2.423500299 16.375101089 0.024518955 0.067248836 0.005318904 0.997420728
38016.046000 1.263155937 -2.430455446 16.422695160 0.027133688 0.062737167 0.001820108 0.997659564
38016.203000 1.246776223 -2.452805281 16.497314453 0.026669180 0.057307970 0.001568382 0.997999072
38016.281000 1.261847496 -2.435112238 16.526184082 0.032297362 0.053856205 -0.000127335 0.998026252
38016.375000 1.255553126 -2.442014217 16.541809082 0.024460763 0.055560779 0.001668829 0.998154283
38016.468000 1.258252144 -2.446366310 16.545482635 0.034220524 0.055341121 -0.000064229 0.997880936
38016.578000 1.255032301 -2.444595098 16.563650131 0.030929968 0.062017746 -0.004184521 0.997586906
38016.656000 1.250215173 -2.448013067 16.557077408 0.014448463 0.073288225 -0.012537608 0.997127414
38016.750000 1.262354493 -2.457783937 16.566993713 0.009342648 0.078953199 -0.011795225 0.996764779
38016.843000 1.254936099 -2.462953806 16.569976807 0.010623319 0.083447039 -0.009919419 0.996406198
38016.953000 1.258720756 -2.457982779 16.570991516 0.008608860 0.081750512 -0.001895355 0.996613920
38017.046000 1.252506375 -2.468553305 16.576257706 0.006089982 0.082760140 -0.001032955 0.996550381
38017.140000 1.274421692 -2.447176218 16.610202789 0.003668395 0.076743662 -0.002653699 0.997040570
38017.250000 1.262080193 -2.454078674 16.602369308 0.002332659 0.074535407 -0.002696910 0.997212052
38017.343000 1.263125539 -2.453145742 16.616235733 0.011208990 0.061175477 -0.001426421 0.998063087
38017.343000 1.263125539 -2.453145742 16.616235733 0.011208990 0.061175477 -0.001426421 0.998063087
38017.343000 1.263125539 -2.453145742 16.616235733 0.011208990 0.061175477 -0.001426421 0.998063087
38017.343000 1.263125539 -2.453145742 16.616235733 0.011208990 0.061175477 -0.001426421 0.998063087
38017.343000 1.263125539 -2.453145742 16.616235733 0.011208990 0.061175477 -0.001426421 0.998063087
38017.343000 1.263125539 -2.453145742 16.616235733 0.011208990 0.061175477 -0.001426421 0.998063087
38017.343000 1.263125539 -2.453145742 16.616235733 0.011208990 0.061175477 -0.001426421 0.998063087
38017.343000 1.263125539 -2.453145742 16.616235733 0.011208990 0.061175477 -0.001426421 0.998063087
38017.343000 1.263125539 -2.453145742 16.616235733 0.011208990 0.061175477 -0.001426421 0.998063087
38017.343000 1.263125539 -2.453145742 16.616235733 0.011208990 0.061175477 -0.001426421 0.998063087
38017.343000 1.263125539 -2.453145742 16.616235733 0.011208990 0.061175477 -0.001426421 0.998063087
38017.343000 1.263125539 -2.453145742 16.616235733 0.011208990 0.061175477 -0.001426421 0.998063087
38017.343000 1.263125539 -2.453145742 16.616235733 0.011208990 0.061175477 -0.001426421 0.998063087
38017.343000 1.263125539 -2.453145742 16.616235733 0.011208990 0.061175477 -0.001426421 0.998063087
38017.343000 1.263125539 -2.453145742 16.616235733 0.011208990 0.061175477 -0.001426421 0.998063087
38017.343000 1.263125539 -2.453145742 16.616235733 0.011208990 0.061175477 -0.001426421 0.998063087
38017.343000 1.263125539 -2.453145742 16.616235733 0.011208990 0.061175477 -0.001426421 0.998063087
38017.343000 1.263125539 -2.453145742 16.616235733 0.011208990 0.061175477 -0.001426421 0.998063087
38017.343000 1.263125539 -2.453145742 16.616235733 0.011208990 0.061175477 -0.001426421 0.998063087
