38361.984000 0.000000000 0.000000000 0.000000000 -0.000000000 -0.000000000 -0.000000000 1.000000000
38362.046000 -0.001329314 0.000830486 0.000975723 -0.002189372 -0.002061440 0.000366187 0.999995410
38362.109000 -0.002575750 0.002758289 0.000749133 -0.004556894 -0.004326672 0.002417622 0.999977350
38362.171000 -0.000643571 0.002816811 0.002325882 -0.004973462 -0.004635558 0.004324426 0.999967515
38362.281000 0.001307082 0.001644806 0.001844230 -0.005922925 -0.001044418 0.006404944 0.999961436
38362.343000 0.001802346 -0.000192401 -0.000873108 -0.003311097 0.004137110 0.005229769 0.999972284
38362.406000 0.002281023 -0.002387345 -0.001603181 -0.001732739 0.009273233 0.003227694 0.999950290
38362.500000 0.007278427 -0.002839060 -0.004626306 0.000222445 0.016964074 0.001280178 0.999855280
38362.671000 0.006570616 -0.003033700 -0.001978354 0.001627762 0.018936696 -0.000441084 0.999819338
38362.765000 0.004708265 -0.004287050 0.002102146 -0.003669352 0.017870288 -0.004805992 0.999822080
38362.921000 0.001886133 -0.002308193 0.004842568 -0.004410461 0.015353209 -0.005507872 0.999857306
38363.046000 -0.000302375 -0.001891941 0.007128454 -0.007143768 0.014109122 -0.004734790 0.999863744
38363.140000 -0.000139635 -0.001420140 0.007274170 -0.007719951 0.013622251 -0.005648643 0.999861479
38363.296000 -0.001385115 -0.001559314 0.006724222 -0.007399234 0.015091454 -0.005027950 0.999846160
38364.406000 -0.010580560 -0.005038319 0.009919239 -0.002850039 0.014782802 -0.003093075 0.999881923
38364.515000 -0.011852780 -0.004446946 0.010621426 -0.002876973 0.015031445 -0.002742905 0.999879181
38364.593000 -0.012488055 -0.003918670 0.011411750 -0.003743103 0.016361443 -0.002422158 0.999856234
38364.671000 -0.012537913 -0.003585522 0.011070726 -0.004252454 0.016850706 -0.002050868 0.999846876
38364.750000 -0.012449488 -0.002928236 0.010259354 -0.004455956 0.017427929 -0.001078755 0.999837697
38364.828000 -0.013048268 -0.002908689 0.010649698 -0.004432040 0.018183021 -0.001189897 0.999824166
38364.921000 -0.013595612 -0.002104560 0.010313444 -0.004581152 0.018480208 -0.000523293 0.999818563
38365.015000 -0.014056353 -0.001921622 0.009281242 -0.003790507 0.018106969 -0.001074149 0.999828339
38365.125000 -0.015269675 -0.002381869 0.010421287 -0.004257036 0.017443238 -0.000659219 0.999838650
38365.218000 -0.016794844 -0.003409395 0.010526088 -0.003976085 0.015770169 -0.000303392 0.999867737
38365.296000 -0.018293750 -0.002817849 0.010930368 -0.003679908 0.015447450 -0.000793427 0.999873638
38365.390000 -0.017874287 -0.003346706 0.010346637 -0.003714431 0.015178977 -0.001747005 0.999876440
38365.484000 -0.019723613 -0.003758656 0.009567920 -0.004143244 0.015312239 -0.002162111 0.999871850
38365.578000 -0.019798465 -0.002557349 0.011279727 -0.003891250 0.014882293 -0.001775681 0.999880135
38365.671000 -0.021022720 -0.001375394 0.012590109 -0.005321858 0.014075132 -0.001534540 0.999885619
38365.765000 -0.022096546 -0.001484827 0.015521255 -0.007679560 0.012865156 -0.001712346 0.999886334
38365.859000 -0.021898109 -0.001497920 0.016166382 -0.008541180 0.012870121 -0.001416421 0.999879777
38365.968000 -0.019907501 0.002346515 0.018887140 -0.008660456 0.013406082 0.003248468 0.999867380
38366.062000 -0.018490989 0.003102480 0.021279400 -0.008117157 0.014426749 0.004785375 0.999851584
38366.156000 -0.021350995 0.001934303 0.027915634 -0.008298884 0.019632382 0.005599856 0.999757230
38366.234000 -0.023448074 0.000779983 0.031483643 -0.009575265 0.021719608 0.006390490 0.999697864
38366.328000 -0.024672871 0.001737894 0.036574446 -0.011001805 0.022501960 0.006100202 0.999667645
38366.437000 -0.027255898 0.004204712 0.041600730 -0.018945951 0.028328866 0.012756719 0.999337733
38366.546000 -0.024799902 0.003466637 0.044167563 -0.020886514 0.035592135 0.016510727 0.999011695
38366.640000 -0.025290314 0.004238783 0.043164343 -0.023128068 0.044407576 0.017155401 0.998598397
38366.734000 -0.024043001 0.001724565 0.041371997 -0.018612206 0.053228438 0.017354937 0.998258054
38366.828000 -0.028318997 0.003354550 0.035770141 -0.010510462 0.062910192 0.016768100 0.997822940
38366.921000 -0.028702624 0.003450425 0.033983190 -0.012356469 0.064339198 0.014319475 0.997748852
38367.031000 -0.032598343 0.004791634 0.030644292 -0.014106642 0.057480320 0.005260956 0.998233140
38367.125000 -0.032577161 0.000952637 0.027485963 -0.023668874 0.053746596 0.008319820 0.998239458
38367.218000 -0.041448303 0.002742295 0.023574568 -0.017405011 0.050059687 0.007953831 0.998562872
38367.296000 -0.040937789 0.002942642 0.021507083 -0.021929201 0.048116546 0.013623966 0.998508036
38367.406000 -0.044990014 0.003990038 0.020416865 -0.025845397 0.047182035 0.015172879 0.998436630
38367.484000 -0.050039820 0.004680611 0.019734735 -0.024998397 0.042504959 0.018401261 0.998614013
38367.593000 -0.051902961 0.006002020 0.020682044 -0.027085057 0.041535988 0.018886456 0.998591244
38367.687000 -0.052921291 0.010514527 0.021682434 -0.030967677 0.038169909 0.023950255 0.998504102
38367.781000 -0.053480715 0.012820969 0.022350699 -0.039352905 0.041438300 0.030023109 0.997914314
38367.875000 -0.057489336 0.012158586 0.023340903 -0.041564677 0.046182740 0.031566318 0.997568607
38367.968000 -0.065138482 0.008458397 0.025149841 -0.012446072 0.033034790 0.021284593 0.999150038
38368.046000 -0.070758633 0.010162884 0.033234168 -0.007433836 0.023074668 0.020640293 0.999493062
38368.140000 -0.081447206 0.002729769 0.050823741 -0.003823215 0.005761858 0.015362008 0.999858081
38368.218000 -0.085139900 0.000894361 0.065657482 -0.013917900 0.002474634 0.006873927 0.999876440
38368.312000 -0.091224171 -0.005358039 0.074774794 -0.029469315 0.002957910 0.002637630 0.999557912
38368.406000 -0.096004464 -0.013461402 0.108487062 -0.015187177 -0.000971776 -0.004331146 0.999874830
38368.500000 -0.107444413 0.002340263 0.109579660 -0.008745746 0.004679935 -0.008723411 0.999912798
38368.609000 -0.101951621 -0.021342136 0.146517709 -0.007285437 0.004765306 -0.010400542 0.999908030
38368.703000 -0.107524619 -0.032023512 0.199028581 -0.016036985 0.000275292 -0.004345533 0.999861956
38368.796000 -0.111800238 -0.036091235 0.227054998 -0.026442846 0.007289291 -0.003319212 0.999618292
38368.875000 -0.123946965 -0.042767998 0.275285006 -0.019843120 0.007061088 0.004462504 0.999768257
38368.968000 -0.130995065 -0.042886462 0.301844567 -0.014170638 0.006100767 0.007953774 0.999849379
38369.078000 -0.136265412 -0.046053495 0.328088969 -0.006466124 0.002743179 0.009592704 0.999929368
38369.171000 -0.152701095 -0.047419123 0.377458274 -0.008418226 -0.004954220 0.006623928 0.999930382
38369.250000 -0.162714183 -0.050190657 0.399235964 -0.011728608 -0.011271040 0.004795066 0.999856234
38369.343000 -0.177142650 -0.055237826 0.448588669 -0.019185657 -0.022848215 -0.004042100 0.999546766
38369.421000 -0.181216210 -0.058225770 0.471608430 -0.017548935 -0.030153923 -0.007994801 0.999359250
38369.515000 -0.181701213 -0.062558837 0.495039791 -0.016636131 -0.031403046 -0.009236575 0.999325633
38369.609000 -0.178280279 -0.068243839 0.544319391 -0.011694872 -0.039607871 -0.008350913 0.999111950
38369.703000 -0.172081873 -0.072262779 0.566666186 -0.014316582 -0.037272286 -0.004212639 0.999193728
38369.781000 -0.169234350 -0.072828047 0.595943630 -0.013518931 -0.034885243 -0.002595892 0.999296546
38369.875000 -0.167633161 -0.082020842 0.651840985 -0.007065647 -0.030895662 -0.003037427 0.999493062
38369.968000 -0.164216474 -0.090230763 0.678512514 -0.004816770 -0.032672677 0.000277297 0.999454439
38370.062000 -0.159616306 -0.095055424 0.706730843 -0.008207752 -0.035340007 0.001925265 0.999339819
38370.156000 -0.158561230 -0.099467225 0.751030564 -0.007908374 -0.029356373 -0.002392680 0.999534845
38370.234000 -0.157219052 -0.099711388 0.773495257 -0.006779727 -0.029376728 -0.006212241 0.999526083
38370.312000 -0.158161134 -0.100565054 0.794508040 -0.012081356 -0.028777868 -0.005585150 0.999497235
38370.406000 -0.158114225 -0.102541558 0.835194230 -0.012811287 -0.024101391 -0.002079815 0.999625325
38370.484000 -0.156687886 -0.100470766 0.857891858 -0.010273337 -0.021911334 0.000119229 0.999707162
38370.593000 -0.156754419 -0.100622453 0.883311093 -0.011395256 -0.017920066 0.001999914 0.999772489
38370.671000 -0.161671907 -0.101415366 0.935987949 -0.011280823 -0.008530219 0.007381092 0.999872744
38370.750000 -0.162559912 -0.106965646 0.965679884 -0.013263745 0.006454933 0.005229055 0.999877572
38370.828000 -0.166826099 -0.112579450 0.993139982 -0.009951482 0.015986042 0.007594578 0.999793887
38370.921000 -0.170052707 -0.114866711 1.026370049 -0.004688771 0.026296342 0.005641467 0.999627292
38371.015000 -0.179945707 -0.127171427 1.083312273 -0.002992004 0.030047247 0.013074011 0.999458492
38371.093000 -0.189706817 -0.131583482 1.110713720 0.001441663 0.034988701 0.014011691 0.999288440
38371.187000 -0.197041124 -0.135111213 1.139383435 0.005668045 0.034120634 0.015308578 0.999284387
38371.281000 -0.213291243 -0.134375870 1.198291659 -0.002948177 0.031725042 0.015806843 0.999367297
38371.359000 -0.221172422 -0.138471067 1.220646620 0.000824512 0.028093044 0.013553646 0.999513090
38371.468000 -0.228109151 -0.137475222 1.245663643 -0.003863787 0.023851385 0.012153915 0.999634206
38371.531000 -0.240762740 -0.141753986 1.292448044 -0.010592549 0.019990683 0.007395404 0.999716699
38371.625000 -0.246002153 -0.142780453 1.317566752 -0.009315276 0.016301265 0.005439211 0.999808967
38371.703000 -0.246685848 -0.147139773 1.342595100 -0.012309055 0.014996928 0.004633821 0.999801099
38371.812000 -0.235120296 -0.155434549 1.387345791 -0.014946389 0.006660965 0.007651013 0.999836862
38371.906000 -0.248201951 -0.152858749 1.425575137 -0.014904380 0.008477485 0.003071721 0.999848306
38372.000000 -0.249768421 -0.162602380 1.478097439 -0.003312337 0.006547127 0.005125086 0.999959946
38372.078000 -0.248386845 -0.167323649 1.506426811 -0.002974415 0.011711717 0.004238845 0.999918103
38372.171000 -0.244707167 -0.166967928 1.533765197 0.002528697 0.010106241 0.007923720 0.999914348
38372.250000 -0.248429105 -0.177498996 1.580878735 0.019662214 0.003364315 0.010778117 0.999742925
38372.343000 -0.246260583 -0.174292818 1.603735924 0.019017788 0.002485701 0.009537143 0.999770582
38372.421000 -0.248165622 -0.175412610 1.626662970 0.007417713 0.005726673 0.007793448 0.999925733
38372.531000 -0.245769441 -0.177197799 1.645433307 0.009186647 0.008943778 0.005849960 0.999900699
38372.625000 -0.242863923 -0.175133899 1.687322617 0.004863865 0.010510316 0.004667623 0.999922097
38372.703000 -0.244633302 -0.179286495 1.710283041 0.003600380 0.012527583 0.006784968 0.999892056
38372.796000 -0.248783827 -0.182165816 1.764166832 0.001021843 0.012119248 0.004158260 0.999917388
38372.890000 -0.251305193 -0.183749333 1.795125008 -0.003854727 0.012714892 0.004193098 0.999902964
38372.968000 -0.253823102 -0.182934254 1.826380014 -0.004348485 0.014894698 0.004291211 0.999870420
38373.062000 -0.261717319 -0.190552503 1.884469509 0.005423841 0.019849781 0.008505630 0.999752104
38373.140000 -0.265663028 -0.192909554 1.913866997 0.008157941 0.018614376 0.011695840 0.999725044
38373.234000 -0.264916301 -0.198480487 1.942081332 0.005003191 0.019204197 0.012798867 0.999721169
38373.328000 -0.271553457 -0.206672519 1.968297720 0.011773607 0.021129796 0.014047235 0.999608755
38373.421000 -0.281933069 -0.209701613 2.017598152 0.014871572 0.022569491 0.015798865 0.999509811
38373.531000 -0.286042452 -0.210508972 2.040136814 0.013469991 0.021992296 0.019380003 0.999479532
38373.609000 -0.295725226 -0.211762190 2.086158752 0.009944430 0.024508966 0.022101853 0.999405801
38373.703000 -0.299892545 -0.211463034 2.107858896 0.009251541 0.030534932 0.019293772 0.999304652
38373.796000 -0.309534401 -0.241735101 2.117687941 -0.002315674 0.027710706 0.021918386 0.999372959
38373.875000 -0.306054860 -0.215168104 2.165486336 0.001994766 0.027493626 0.018658018 0.999445856
38373.984000 -0.304500073 -0.212730885 2.189563036 0.002548100 0.023189016 0.016282305 0.999595225
38374.062000 -0.302778363 -0.214169607 2.236325502 -0.003826562 0.019777549 0.015142481 0.999682426
38374.156000 -0.304398239 -0.215112805 2.264459133 -0.001218206 0.018406143 0.019723127 0.999635339
38374.250000 -0.301785588 -0.215870649 2.289446831 0.005698978 0.019738730 0.019372543 0.999601245
38374.328000 -0.293524414 -0.227783248 2.344030142 0.009203737 0.026779236 0.025911767 0.999263108
38374.406000 -0.289614558 -0.235977337 2.372012377 0.015089300 0.027115211 0.027833588 0.999130845
38374.500000 -0.289109319 -0.239808217 2.401506424 0.016342623 0.028734649 0.022774801 0.999193966
38374.578000 -0.286901325 -0.253520846 2.437469482 0.012323515 0.024758734 0.023638073 0.999338031
38374.671000 -0.294942081 -0.244776264 2.487592697 0.010325803 0.020323256 0.014908414 0.999628961
38374.750000 -0.297033638 -0.250488907 2.514758348 0.004154079 0.016681008 0.014395102 0.999748647
38374.843000 -0.296801299 -0.254247010 2.541776419 -0.001299678 0.016788946 0.014360315 0.999755085
38374.937000 -0.297059834 -0.257013738 2.594854832 -0.000294570 0.014028183 0.012326771 0.999825597
38375.031000 -0.298566043 -0.260381401 2.621768713 -0.001071318 0.016677415 0.012272749 0.999785066
38375.125000 -0.298337191 -0.259176821 2.653101444 0.001658710 0.019301055 0.012414386 0.999735296
38375.203000 -0.301074892 -0.261919141 2.719860315 0.005926671 0.027018927 0.014381299 0.999513924
38375.296000 -0.301472157 -0.263725936 2.753391743 0.006131737 0.028279945 0.017421668 0.999429405
38375.390000 -0.303883940 -0.268695980 2.783730984 0.002103566 0.028512172 0.020804629 0.999374688
38375.468000 -0.314944804 -0.284243584 2.842794180 0.009233024 0.030132849 0.016007226 0.999375045
38375.546000 -0.318665713 -0.283226728 2.869974613 0.008725715 0.030330129 0.015652161 0.999379277
38375.640000 -0.320675045 -0.290068328 2.896638155 0.010835001 0.029278561 0.017239101 0.999363899
38375.734000 -0.328234345 -0.293601006 2.946535349 0.008432835 0.034983721 0.021204544 0.999127328
38375.843000 -0.329884291 -0.292703927 2.971898556 0.009929845 0.037816588 0.025143635 0.998918951
38375.937000 -0.341670662 -0.253961593 2.967893839 0.011005068 0.037148468 0.024137158 0.998957634
38376.031000 -0.332195371 -0.291936994 3.045670033 -0.000856221 0.036221873 0.023773300 0.999060631
38376.125000 -0.332434505 -0.293193579 3.068346500 0.001361612 0.035483427 0.024078611 0.999079227
38376.203000 -0.332304150 -0.294077903 3.119296312 -0.003479389 0.034552459 0.019854365 0.999199569
38376.281000 -0.329382658 -0.297528774 3.144202709 0.000186349 0.032481078 0.020584079 0.999260366
38376.359000 -0.326589078 -0.302733719 3.170574665 0.004294187 0.031743385 0.019160427 0.999303162
38376.437000 -0.323811263 -0.310076684 3.195493221 0.004342896 0.031757776 0.019991437 0.999286234
38376.531000 -0.316682070 -0.316078573 3.247595310 0.009114846 0.031055426 0.021664105 0.999241352
38376.609000 -0.316234082 -0.313488483 3.278152704 0.006977220 0.028763631 0.019569125 0.999370337
38376.718000 -0.313886166 -0.311823189 3.304073095 0.009663692 0.028249698 0.014119012 0.999454498
38376.812000 -0.312519133 -0.320917487 3.354674578 0.006525693 0.019185549 0.015693314 0.999671519
38376.906000 -0.314137697 -0.327424079 3.379069567 0.003194300 0.021534547 0.015485558 0.999643087
38377.000000 -0.312762827 -0.333528936 3.426478624 0.003517488 0.021884210 0.014251390 0.999652743
38377.093000 -0.311931700 -0.333991230 3.453278542 0.003244716 0.025482792 0.013895446 0.999573410
38377.171000 -0.310294300 -0.335658103 3.481053591 0.003165445 0.028903281 0.012716005 0.999496400
38377.250000 -0.307089776 -0.333476186 3.518053532 0.002396785 0.037172332 0.012274060 0.999230623
38377.343000 -0.308170885 -0.340484351 3.578099012 0.001950179 0.051455002 0.020355444 0.998465955
38377.421000 -0.311414599 -0.346450329 3.606971979 0.012649684 0.050334476 0.022888307 0.998390019
38377.515000 -0.314781934 -0.352799773 3.633898258 0.012767950 0.051439885 0.022101803 0.998349845
38377.609000 -0.323577464 -0.357406795 3.690918446 0.015332371 0.051775180 0.025612753 0.998212516
38377.687000 -0.325300843 -0.361186564 3.712429762 0.012336640 0.050708931 0.026529081 0.998284876
38377.781000 -0.328830421 -0.366194159 3.736240625 0.010490255 0.051258598 0.024381055 0.998332679
38377.875000 -0.328681558 -0.367466301 3.780214071 0.003699609 0.049914207 0.022777243 0.998486936
38377.953000 -0.330375820 -0.367054522 3.799452305 0.005783639 0.052691810 0.019436816 0.998404920
38378.031000 -0.327971280 -0.365700930 3.817073584 0.008871718 0.052062683 0.019140132 0.998420954
38378.140000 -0.318371922 -0.368944407 3.867108107 0.003698188 0.051115952 0.017209640 0.998537600
38378.234000 -0.314706594 -0.365658671 3.891538382 0.003933137 0.049740963 0.015802430 0.998629391
38378.312000 -0.308490932 -0.364618689 3.917210817 0.003161093 0.053996067 0.008566259 0.998499393
38378.390000 -0.298627406 -0.367826164 3.973598242 0.001539314 0.057613924 0.004879193 0.998325825
38378.500000 -0.289227277 -0.366968453 4.003306389 0.001735183 0.057699159 0.011429667 0.998267114
38378.578000 -0.284811527 -0.375665873 4.028552532 0.003428350 0.059414003 0.012334000 0.998151362
38378.656000 -0.273909897 -0.377100855 4.083498955 -0.003483512 0.051854756 0.008200861 0.998614907
38378.750000 -0.270752400 -0.378798157 4.102717876 0.001597709 0.049505346 0.003500519 0.998766482
38378.843000 -0.265847683 -0.383379459 4.129815102 0.002610496 0.040154021 0.003755889 0.999183059
38378.921000 -0.259190589 -0.381403595 4.174143791 -0.008114996 0.034981068 0.008430889 0.999319494
38379.015000 -0.256479502 -0.383721709 4.193903446 -0.007298124 0.030451342 0.008411654 0.999474227
38379.109000 -0.253192186 -0.381739169 4.215798855 -0.013314823 0.028711611 0.005765307 0.999482453
38379.187000 -0.241961375 -0.387634307 4.263402462 -0.016354676 0.024566064 0.009549603 0.999518812
38379.265000 -0.251270831 -0.385193348 4.295925140 -0.017680559 0.023915337 0.008904044 0.999517977
38379.359000 -0.251041681 -0.386643738 4.322367668 -0.017049452 0.024787541 0.008951313 0.999507308
38379.437000 -0.250624537 -0.389386684 4.349206924 -0.010186133 0.027972987 0.007052009 0.999531925
38379.531000 -0.251070023 -0.390731841 4.373236656 -0.007790820 0.032661017 0.006167505 0.999417126
38379.609000 -0.248012990 -0.399578929 4.428140163 -0.008731084 0.030045480 0.015185315 0.999395072
38379.703000 -0.243890792 -0.407070339 4.452592373 -0.006225277 0.029046275 0.018880777 0.999380350
38379.781000 -0.252170831 -0.407125533 4.474862576 0.003672831 0.028230203 0.018832516 0.999417305
38379.875000 -0.257953435 -0.410283118 4.520042896 0.001975918 0.023962492 0.014688662 0.999603033
38379.968000 -0.264771998 -0.414780349 4.538323879 0.001726153 0.021927154 0.013916189 0.999661267
38380.046000 -0.266673386 -0.415377408 4.557156563 0.003468805 0.020687412 0.013066052 0.999694586
38380.140000 -0.271845967 -0.411429822 4.594040394 0.000348082 0.010136123 0.014587004 0.999842227
38380.218000 -0.273439735 -0.414416313 4.616416454 -0.013621331 0.008867444 0.012219739 0.999793231
38380.296000 -0.273465782 -0.412341684 4.635499954 -0.016396219 0.006565030 0.012763117 0.999762595
38380.390000 -0.272496104 -0.410460591 4.655426979 -0.014362158 0.004652113 0.013147131 0.999799609
38380.484000 -0.270242095 -0.414434791 4.699141502 -0.018220572 0.007181156 0.011176454 0.999745727
38380.562000 -0.264096439 -0.411595255 4.718559742 -0.006153252 0.000913449 0.014992716 0.999868274
38380.656000 -0.263588935 -0.418100774 4.750247002 -0.005789936 0.002545899 0.014149461 0.999879897
38380.750000 -0.261712044 -0.427483678 4.803532124 -0.000360641 0.007435341 0.015313691 0.999855042
38380.828000 -0.258303285 -0.430760592 4.827566624 0.000797183 0.007786722 0.017238155 0.999820769
38380.937000 -0.257667512 -0.439400554 4.878762722 -0.008562746 0.006473379 0.015819386 0.999817252
38381.015000 -0.258627027 -0.440557510 4.901075840 -0.004968682 0.003885235 0.009298449 0.999936879
38381.093000 -0.256669343 -0.438979715 4.924152374 -0.008925035 -0.000505966 0.008084543 0.999927402
38381.171000 -0.251021802 -0.436492085 4.945850372 -0.019513447 -0.003655206 0.011267819 0.999739468
38381.265000 -0.256074727 -0.445021272 4.974419594 -0.017900778 -0.005713845 0.011081406 0.999762058
38381.343000 -0.252902508 -0.444577128 4.994773388 -0.025349196 -0.006919287 0.006072294 0.999636292
38381.437000 -0.253830314 -0.442268044 5.014608860 -0.034490298 -0.004678459 0.004064339 0.999385834
38381.515000 -0.254138917 -0.441205591 5.033153057 -0.032283239 -0.004436762 0.004073668 0.999460638
38381.593000 -0.253043056 -0.444844753 5.072298527 -0.032372884 -0.000904044 0.007257104 0.999449134
38381.687000 -0.252784073 -0.447381049 5.095268726 -0.028990421 0.001242637 0.007692866 0.999549329
38381.781000 -0.255353838 -0.449928999 5.121325493 -0.024544243 0.006366543 0.005340647 0.999664247
38381.859000 -0.251224160 -0.460366011 5.170898914 -0.004336248 0.013182844 0.009197916 0.999861419
38381.937000 -0.248310477 -0.486653596 5.169115543 -0.003399650 0.013903912 0.014103578 0.999798119
38382.046000 -0.261681199 -0.471851110 5.221853256 0.007994809 0.017637651 0.010518231 0.999757171
38382.140000 -0.267423451 -0.477609843 5.266997814 0.008852158 0.018741779 0.017900953 0.999624908
38382.234000 -0.271364033 -0.484215677 5.288864136 0.012988446 0.020569133 0.020187134 0.999500275
38382.312000 -0.277296484 -0.488449275 5.310915470 0.010551308 0.022727940 0.020654911 0.999472618
38382.406000 -0.291591406 -0.494729191 5.348052025 0.004828705 0.023936871 0.016184211 0.999570787
38382.500000 -0.295736134 -0.494280756 5.365921974 0.005441863 0.022253234 0.015252345 0.999621212
38382.578000 -0.296045721 -0.496954560 5.384430408 0.000942421 0.017709713 0.017546145 0.999688745
38382.687000 -0.301327229 -0.499019086 5.420616150 0.000869217 0.011560895 0.019137114 0.999749660
38382.765000 -0.300998360 -0.499113262 5.441021442 -0.002578777 0.010836656 0.016329654 0.999804616
38382.875000 -0.301986128 -0.499742806 5.488781929 -0.004549628 0.006645103 0.014267620 0.999865770
38382.968000 -0.299949378 -0.497795820 5.509520054 -0.003682952 0.006459842 0.014911397 0.999861181
38383.078000 -0.297039717 -0.509815276 5.557718277 0.005899975 0.005876023 0.020750836 0.999750018
38383.156000 -0.293860465 -0.516165435 5.584547520 0.012101564 0.006602608 0.021733945 0.999668777
38383.234000 -0.294995517 -0.518396854 5.607549667 0.015115010 0.009754003 0.020378793 0.999630511
38383.328000 -0.290716380 -0.526787162 5.658434391 0.017840724 0.004918220 0.023162713 0.999560416
38383.406000 -0.290364474 -0.532394707 5.676325321 0.023510188 0.004803628 0.023483196 0.999436259
38383.500000 -0.291544199 -0.535821974 5.700213432 0.034427553 0.001136230 0.016565407 0.999269247
38383.609000 -0.284268439 -0.529491663 5.717101574 0.022042852 0.001163604 0.010694760 0.999699116
38383.734000 -0.287054121 -0.536924303 5.769028664 0.008747046 0.001161024 0.013152893 0.999874592
38383.828000 -0.284531862 -0.536529481 5.815145493 -0.003393684 0.002587593 0.010927590 0.999931216
38383.906000 -0.282754213 -0.534474552 5.839300156 -0.006386938 0.004521138 0.011019750 0.999908686
38384.000000 -0.281138569 -0.532932460 5.886378288 -0.007445033 0.008945644 0.011304018 0.999868393
38384.093000 -0.281756550 -0.536676228 5.907189846 -0.002489338 0.012370776 0.011095106 0.999858856
38384.171000 -0.281709403 -0.540311575 5.924515724 0.008592655 0.015775906 0.008785954 0.999800026
38384.250000 -0.283995330 -0.556324661 5.984383106 0.018788362 0.024652477 0.007787362 0.999489188
38384.375000 -0.284557492 -0.566637099 6.012027740 0.020043334 0.025661044 0.010296899 0.999416709
38384.453000 -0.279007047 -0.589345634 6.051777840 0.024618952 0.025286088 0.012568197 0.999298036
38384.562000 -0.289981782 -0.581796408 6.086710453 0.031661529 0.028265128 0.019483075 0.998908937
38384.640000 -0.290359497 -0.577034533 6.111775398 0.029191898 0.026524276 0.021359108 0.998993576
38384.734000 -0.301483601 -0.579559684 6.165039539 0.022252362 0.023678049 0.022147845 0.999226570
38384.828000 -0.305112332 -0.585140586 6.181517124 0.020359188 0.024313090 0.022479646 0.999244273
38384.906000 -0.309958547 -0.583647549 6.223196507 0.015050328 0.023959372 0.023181800 0.999330819
38385.031000 -0.309641123 -0.588348687 6.240216255 0.015298065 0.025408527 0.019541088 0.999369085
38385.109000 -0.311839283 -0.591120660 6.259848595 0.018905956 0.025637873 0.016165910 0.999361753
38385.187000 -0.312315166 -0.588668108 6.309021950 0.009556312 0.025313459 0.012437462 0.999556541
38385.281000 -0.311284810 -0.590472460 6.336342335 0.008151972 0.023654796 0.013632530 0.999593973
38385.375000 -0.311387718 -0.592449188 6.358829975 0.011072241 0.023744594 0.013972539 0.999559104
38385.468000 -0.307879478 -0.601549983 6.415485859 0.015461741 0.022619894 0.014613411 0.999517739
38385.562000 -0.310109556 -0.605081439 6.439320087 0.018236950 0.025095351 0.017728703 0.999361455
38385.640000 -0.309948981 -0.615575552 6.462851524 0.028739925 0.024202839 0.019676635 0.999100149
38385.734000 -0.311966658 -0.625039637 6.518826485 0.022629803 0.018160604 0.016725792 0.999439061
38385.828000 -0.317523658 -0.627156138 6.539347172 0.029937107 0.014570896 0.013091953 0.999359846
38385.921000 -0.315480918 -0.629442155 6.562897205 0.027118186 0.009010960 0.011125142 0.999529719
38386.046000 -0.317308068 -0.630869269 6.601077557 0.016139187 0.009347734 0.008417672 0.999790609
38386.125000 -0.322226942 -0.638932467 6.640987396 0.016585739 0.010075602 0.007468899 0.999783814
38386.218000 -0.319555193 -0.637831330 6.666275024 0.014541988 0.012164494 0.010493818 0.999765217
38386.296000 -0.322011620 -0.641879261 6.685602665 0.021259205 0.014042042 0.011751342 0.999606311
38386.390000 -0.349315047 -0.644584775 6.726938248 0.021193691 0.028890150 0.003028646 0.999353290
38386.468000 -0.329251587 -0.647919357 6.764637470 0.025424298 0.035977319 0.010433712 0.998974681
38386.562000 -0.330969363 -0.651070774 6.793809891 0.026155693 0.046551175 0.016334176 0.998439848
38386.640000 -0.313164771 -0.678561687 6.849713802 0.025055332 0.049882982 0.019724293 0.998245895
38386.750000 -0.340349734 -0.666162729 6.871353626 0.028788954 0.061071031 0.026944209 0.997354329
38386.828000 -0.346058488 -0.668791890 6.894838333 0.037547763 0.060211867 0.027889716 0.997089207
38386.921000 -0.342986137 -0.659518182 6.917142868 0.042596161 0.060034480 0.029740689 0.996843517
38387.000000 -0.356095523 -0.664490521 6.979119301 0.028959583 0.069010727 0.037787236 0.996479332
38387.093000 -0.356842697 -0.662090957 7.003663540 0.024406794 0.069677480 0.040865000 0.996433377
38387.171000 -0.355138183 -0.662089407 7.028301716 0.013146711 0.068068966 0.037939668 0.996872306
38387.265000 -0.361242503 -0.671620071 7.074347019 0.010919864 0.075703003 0.032118350 0.996553183
38387.359000 -0.362633198 -0.676235378 7.095677853 0.014906545 0.075810038 0.031649087 0.996508420
38387.453000 -0.361496389 -0.678046584 7.124027729 0.009010489 0.081227407 0.031681489 0.996151209
38387.531000 -0.358829558 -0.679204822 7.176136017 0.008377673 0.088064596 0.036000181 0.995428741
38387.625000 -0.357183993 -0.685701013 7.202079296 0.011000237 0.091184095 0.036033865 0.995121121
38387.718000 -0.356162399 -0.693842530 7.228929520 0.012558412 0.094501235 0.034069862 0.994862318
38387.796000 -0.355321944 -0.703622520 7.283564091 0.006181936 0.101360150 0.037350863 0.994129181
38387.906000 -0.355224460 -0.707958877 7.306974888 0.014241411 0.100729018 0.039344329 0.994033694
38388.015000 -0.354620963 -0.711137712 7.353027821 0.008498634 0.098533370 0.042516846 0.994188726
38388.109000 -0.355099857 -0.714946508 7.372535706 0.008160362 0.098290794 0.041828759 0.994244814
38388.203000 -0.356316805 -0.715403497 7.415213108 -0.001462872 0.098587997 0.034919359 0.994514406
38388.281000 -0.356646031 -0.717873096 7.430418491 -0.006660219 0.097568415 0.032208771 0.994685233
38388.359000 -0.357904315 -0.720429122 7.452040195 -0.003436432 0.095619746 0.028974140 0.994990230
38388.453000 -0.360883534 -0.721704304 7.467778683 -0.001821819 0.096357085 0.028241588 0.994944453
38388.546000 -0.367876440 -0.727448642 7.502153873 -0.000382268 0.105150975 0.025778530 0.994122028
38388.625000 -0.376008213 -0.732027292 7.524640083 0.008015985 0.106655031 0.020160129 0.994059384
38388.703000 -0.386125982 -0.732212424 7.545080185 0.006091502 0.108676158 0.015696047 0.993934631
38388.796000 -0.398146003 -0.720655680 7.549273491 0.023279084 0.095135741 0.008605776 0.995154917
38388.875000 -0.407641411 -0.721587420 7.575501919 0.031815279 0.084751576 0.005264251 0.995880127
38388.953000 -0.415609092 -0.723069251 7.598650932 0.029263120 0.080199108 0.005450223 0.996334374
38389.046000 -0.423882842 -0.722340643 7.622491360 0.032232039 0.067138895 0.003919744 0.997215211
38389.156000 -0.453627527 -0.732787669 7.676683426 0.041026551 0.050200086 -0.000949363 0.997895777
38389.250000 -0.455970824 -0.726289809 7.691103458 0.048528887 0.042566217 -0.001144378 0.997913718
38389.328000 -0.458337933 -0.736800194 7.686280727 0.037162304 0.032874286 0.004206683 0.998759508
38389.421000 -0.457795769 -0.742661953 7.712296963 0.040335126 0.019894250 0.004454546 0.998978198
38389.515000 -0.470174611 -0.735680461 7.729879379 0.039960027 0.007313114 0.011020103 0.999113798
38389.593000 -0.468092442 -0.714109421 7.792958736 0.060458023 -0.014349019 0.021498892 0.997836053
38389.703000 -0.469849646 -0.733421266 7.788624287 0.043241601 -0.009781417 0.011321476 0.998952627
38389.781000 -0.464726448 -0.735207081 7.816513062 0.044628713 -0.010245150 0.008618035 0.998913944
38389.859000 -0.462381929 -0.745966554 7.870625973 0.046160430 -0.015536550 0.004689452 0.998802185
38389.953000 -0.456656665 -0.752940893 7.896113873 0.056004085 -0.017889677 0.004496602 0.998260140
38390.031000 -0.452149093 -0.759941638 7.925631523 0.065944478 -0.016595809 -0.000240906 0.997685254
38390.109000 -0.445008397 -0.769411385 7.949127674 0.072948903 -0.011056081 -0.004830662 0.997262716
38390.187000 -0.441171020 -0.773281634 8.001310349 0.070155248 -0.012257299 -0.010618083 0.997404277
38390.281000 -0.441143453 -0.778277636 8.033089638 0.067511685 -0.012155834 -0.014613699 0.997537374
38390.375000 -0.438333392 -0.778725863 8.061845779 0.068856679 -0.017664760 -0.007620342 0.997441053
38390.453000 -0.426861465 -0.781549394 8.091238976 0.068736404 -0.022320805 0.004108427 0.997376680
38390.562000 -0.432069361 -0.774846554 8.145163536 0.072867334 -0.014713198 0.001072103 0.997232556
38390.656000 -0.434103012 -0.772212446 8.172039032 0.070243537 -0.013500596 -0.002371880 0.997435689
38390.734000 -0.444809049 -0.762181759 8.231216431 0.071123421 -0.001255694 -0.013313097 0.997377932
38390.828000 -0.452660531 -0.761051178 8.259687424 0.071075723 0.009089831 -0.013577923 0.997337103
38390.906000 -0.456304491 -0.761816382 8.288769722 0.070921481 0.019062867 -0.010033973 0.997249246
38391.015000 -0.471099645 -0.768421054 8.345127106 0.070510276 0.033791155 -0.005141628 0.996925294
38391.093000 -0.480534554 -0.769516528 8.370260239 0.072598726 0.033846837 -0.003865961 0.996779263
38391.203000 -0.491162866 -0.763891816 8.417596817 0.071706027 0.036782682 0.003449090 0.996741414
38391.281000 -0.496288866 -0.763663709 8.440357208 0.067059457 0.041329887 -0.002681092 0.996889055
38391.375000 -0.499604911 -0.763641000 8.464746475 0.058022242 0.046222713 -0.007675133 0.997215152
38391.468000 -0.507479906 -0.762561500 8.511075020 0.049961362 0.048866544 -0.010708846 0.997497499
38391.578000 -0.512060106 -0.764704287 8.532773972 0.048827909 0.052932143 -0.011302650 0.997339606
38391.656000 -0.520951748 -0.766885698 8.579721451 0.051389612 0.058891647 -0.017989870 0.996778429
38391.734000 -0.521547735 -0.767665088 8.603743553 0.055814255 0.061378896 -0.020166084 0.996348679
38391.828000 -0.525303245 -0.768770337 8.625318527 0.057274129 0.060495861 -0.016962692 0.996379554
38391.921000 -0.537513852 -0.758722484 8.647766113 0.060511909 0.068241559 -0.022857498 0.995569706
38392.015000 -0.533845663 -0.783324003 8.704593658 0.055862743 0.073074117 -0.019046411 0.995578647
38392.109000 -0.537773192 -0.789189816 8.734119415 0.055248864 0.076415211 -0.022535881 0.995289147
38392.203000 -0.534756899 -0.794161439 8.784067154 0.055112571 0.083558753 -0.027432378 0.994599462
38392.281000 -0.534108937 -0.798896194 8.807489395 0.057430658 0.086207308 -0.031694368 0.994115472
38392.375000 -0.534040689 -0.804375231 8.828153610 0.057709664 0.086598121 -0.032755125 0.994030952
38392.453000 -0.554767430 -0.798468530 8.831465721 0.055099249 0.087214626 -0.030296354 0.994203091
38392.562000 -0.540060937 -0.806245863 8.887005806 0.056528497 0.079497680 -0.027980836 0.994837582
38392.640000 -0.542949140 -0.806789160 8.906723976 0.058675386 0.077658102 -0.027105110 0.994882762
38392.750000 -0.546276808 -0.799283504 8.939642906 0.055232916 0.079097986 -0.024347063 0.995037735
38392.843000 -0.549375892 -0.795395672 8.962773323 0.052084781 0.079945102 -0.022090880 0.995192409
38392.937000 -0.554933548 -0.793176413 9.005026817 0.053165462 0.081764989 -0.020267161 0.995026231
38393.031000 -0.557025015 -0.792703986 9.027273178 0.058188953 0.079556264 -0.020234829 0.994924843
38393.125000 -0.560392320 -0.795195043 9.052143097 0.057195000 0.079471178 -0.018373022 0.995025396
38393.218000 -0.568620563 -0.804076612 9.104598999 0.050747201 0.079386428 -0.014776407 0.995441735
38393.296000 -0.570893466 -0.807753503 9.126619339 0.051218390 0.075020306 -0.014560017 0.995759308
38393.406000 -0.575501978 -0.809445441 9.170605659 0.051815446 0.082739897 -0.024296295 0.994926631
38393.484000 -0.577971101 -0.813221693 9.195765495 0.048626907 0.085164189 -0.028494718 0.994771600
38393.578000 -0.576517105 -0.810413599 9.216011047 0.048733260 0.084115051 -0.030743472 0.994788706
38393.671000 -0.577376664 -0.808995903 9.262660027 0.040643893 0.082994461 -0.022544572 0.995465577
38393.781000 -0.580151737 -0.813156605 9.287769318 0.038867448 0.082323372 -0.024745630 0.995539963
38393.875000 -0.580055594 -0.811714411 9.329956055 0.039519232 0.078224503 -0.025264373 0.995831788
38393.968000 -0.579295814 -0.813352883 9.354829788 0.040839653 0.076200962 -0.026963633 0.995890856
38394.046000 -0.560568392 -0.837554932 9.418537140 0.039814107 0.073765248 -0.027279904 0.996107101
38394.140000 -0.564585447 -0.809688628 9.423137665 0.044065371 0.074190095 -0.030264685 0.995810270
38394.234000 -0.558373809 -0.809974313 9.452176094 0.044700332 0.074416280 -0.031379521 0.995730579
38394.328000 -0.541103244 -0.813684046 9.497236252 0.045173351 0.070933223 -0.031310383 0.995965660
38394.421000 -0.531248391 -0.817890882 9.520249367 0.051602390 0.069417022 -0.031965602 0.995739281
38394.515000 -0.522233367 -0.822920084 9.554838181 0.060862489 0.059569240 -0.018760869 0.996190429
38394.593000 -0.519546926 -0.822169483 9.571946144 0.061719239 0.056159455 -0.019065712 0.996329963
38394.687000 -0.513719499 -0.821820736 9.590571404 0.061138466 0.053328257 -0.024442941 0.996403933
38394.796000 -0.508219719 -0.821069360 9.611430168 0.064975716 0.048653267 -0.025571605 0.996371984
38394.890000 -0.504890740 -0.817726970 9.648704529 0.063610353 0.046592101 -0.024096141 0.996595383
38394.984000 -0.500782609 -0.816318274 9.665813446 0.065768927 0.043793894 -0.022278829 0.996624410
38395.093000 -0.497252107 -0.819552183 9.702761650 0.066811129 0.041522961 -0.020602455 0.996688366
38395.187000 -0.493628025 -0.821390927 9.742743492 0.062568754 0.042083491 -0.023785545 0.996869326
38395.265000 -0.491437763 -0.819275498 9.768387794 0.063397370 0.040773205 -0.025318906 0.996833682
38395.359000 -0.492178828 -0.820754230 9.796274185 0.064596742 0.040358737 -0.027292268 0.996721447
38395.453000 -0.491302580 -0.822670877 9.821496010 0.064170845 0.040024459 -0.029830839 0.996689677
38395.546000 -0.486843884 -0.830691338 9.875088692 0.063958071 0.042479116 -0.025734298 0.996715963
38395.640000 -0.483872414 -0.841404676 9.902690887 0.062445030 0.041722547 -0.023367113 0.996902108
38395.734000 -0.479655206 -0.848694801 9.951489449 0.063365847 0.043881632 -0.021709777 0.996788800
38395.828000 -0.477744937 -0.852120876 9.977399826 0.064036556 0.046123013 -0.020324392 0.996673942
38395.906000 -0.477214098 -0.849782109 9.999410629 0.062775858 0.047349032 -0.020533616 0.996692359
38396.000000 -0.470981091 -0.850423396 10.040975571 0.057687763 0.043369357 -0.021077640 0.997169495
38396.109000 -0.470001966 -0.851272821 10.061325073 0.053742621 0.039439056 -0.018738257 0.997599721
38396.203000 -0.469003856 -0.855574250 10.100234032 0.045902837 0.034903605 -0.015171406 0.998220682
38396.281000 -0.469633877 -0.853847623 10.117743492 0.043859266 0.031610377 -0.015818994 0.998412192
38396.375000 -0.468015045 -0.855173707 10.139724731 0.042087737 0.028163586 -0.012110722 0.998643517
38396.468000 -0.467781603 -0.856815696 10.183114052 0.039125245 0.016844874 -0.009057585 0.999051273
38396.562000 -0.468416303 -0.857508481 10.201684952 0.041844025 0.010731298 -0.010749602 0.999008715
38396.656000 -0.467463762 -0.858687222 10.217530251 0.044690438 0.006628337 -0.006877246 0.998955309
38396.750000 -0.463290870 -0.864362478 10.252857208 0.048110746 0.001894095 0.003814260 0.998833001
38396.843000 -0.460986525 -0.867110968 10.268339157 0.050531879 -0.000189216 0.008734393 0.998684227
38396.937000 -0.462339729 -0.871008456 10.301266670 0.057939455 -0.009546494 0.012443431 0.998196900
38397.015000 -0.464503616 -0.871244788 10.317435265 0.057596814 -0.014295138 0.009973245 0.998187780
38397.125000 -0.462772578 -0.869009733 10.334579468 0.057053138 -0.018689167 0.010455538 0.998141468
38397.203000 -0.463509232 -0.874701798 10.370594978 0.047357138 -0.025481295 0.013358688 0.998463631
38397.265000 -0.462979466 -0.873214900 10.396430016 0.046798654 -0.026940238 0.013741438 0.998446465
38397.359000 -0.466560394 -0.877713144 10.405452728 0.043876242 -0.028542627 0.017049678 0.998483598
38397.437000 -0.471142173 -0.879395366 10.428344727 0.043327738 -0.026846839 0.015061401 0.998586535
38397.515000 -0.477332056 -0.887309790 10.472677231 0.047796838 -0.020623192 0.010052513 0.998593569
38397.625000 -0.480996430 -0.890280962 10.497049332 0.051367778 -0.014454296 0.009821793 0.998526931
38397.703000 -0.486710489 -0.893473864 10.519186020 0.056688987 -0.009104620 0.012469511 0.998272479
38397.781000 -0.498481244 -0.905233562 10.580648422 0.058105610 -0.007837317 0.014379074 0.998176157
38397.875000 -0.505996764 -0.906613708 10.606904030 0.055580884 -0.006365907 0.014414591 0.998329878
38397.968000 -0.513923645 -0.904931486 10.620665550 0.054442551 -0.005258018 0.013316800 0.998414278
38398.062000 -0.529159844 -0.905996859 10.670478821 0.054096069 -0.008436717 0.007601767 0.998471200
38398.140000 -0.534620285 -0.906260788 10.690634727 0.054690383 -0.011302183 0.007778900 0.998409152
38398.218000 -0.540050387 -0.904000223 10.715448380 0.051608965 -0.011303728 0.009245064 0.998560667
38398.312000 -0.543161094 -0.904980898 10.735260010 0.049011417 -0.014446617 0.009103597 0.998652279
38398.390000 -0.551225126 -0.903525054 10.780816078 0.042927511 -0.018554261 0.009660413 0.998859227
38398.484000 -0.551594555 -0.904984176 10.802851677 0.043168142 -0.023702785 0.009903591 0.998737514
38398.578000 -0.553346336 -0.906051159 10.827044487 0.041463647 -0.027014984 0.008754354 0.998736382
38398.671000 -0.555547595 -0.907692790 10.872684479 0.045440972 -0.030863278 0.010772948 0.998432040
38398.765000 -0.558857024 -0.911769390 10.894931793 0.050725091 -0.032348417 0.011393579 0.998123646
38398.875000 -0.560235322 -0.919167638 10.929766655 0.053761352 -0.034547001 0.014925650 0.997844458
38398.968000 -0.563711882 -0.925565898 10.955835342 0.059033848 -0.037548598 0.011155646 0.997487247
38399.046000 -0.565527797 -0.932031929 10.974907875 0.058687944 -0.038257085 0.010345484 0.997489452
38399.156000 -0.562438786 -0.931946397 11.013565063 0.059015676 -0.045890681 0.009467300 0.997156799
38399.250000 -0.563258469 -0.931126535 11.033975601 0.054915968 -0.046948884 0.010047054 0.997336090
38399.343000 -0.561710894 -0.936342716 11.071469307 0.049069136 -0.054918021 0.017022036 0.997139156
38399.421000 -0.559510767 -0.934151888 11.090167999 0.047040462 -0.056094971 0.019126208 0.997133255
38399.515000 -0.558124185 -0.936087370 11.112618446 0.046007749 -0.056000233 0.019546395 0.997178674
38399.625000 -0.554847598 -0.938199282 11.159375191 0.048166465 -0.058641348 0.018056709 0.996952951
38399.718000 -0.559017658 -0.938792944 11.187047958 0.051981714 -0.057663787 0.014627056 0.996874571
38399.828000 -0.555788457 -0.945065022 11.244813919 0.051050562 -0.054705087 0.009201874 0.997154236
38399.937000 -0.553350985 -0.950413823 11.277156830 0.050294716 -0.052341308 0.007333810 0.997335017
38400.031000 -0.554894209 -0.962233484 11.335828781 0.048990846 -0.044261493 0.010022398 0.997767687
38400.125000 -0.558654308 -0.961252928 11.363900185 0.051919833 -0.040234406 0.009164801 0.997798383
38400.203000 -0.569662094 -0.962597191 11.418578148 0.054346167 -0.029592004 0.004430141 0.998073757
38400.281000 -0.574743807 -0.964560211 11.445302963 0.052186143 -0.029820168 0.003990268 0.998184085
38400.390000 -0.577351987 -0.966153204 11.468925476 0.049117722 -0.029465195 0.005381013 0.998343766
38400.500000 -0.580463350 -0.976845324 11.517843246 0.039609801 -0.033733185 0.006817482 0.998622417
38400.593000 -0.583134890 -0.978558421 11.540130615 0.039274912 -0.034907445 0.007662763 0.998589158
38400.671000 -0.581842899 -0.976514935 11.581332207 0.042089906 -0.035313349 0.008022482 0.998457313
38400.765000 -0.579591453 -0.978396177 11.600723267 0.041914087 -0.035825994 0.008396997 0.998443425
38400.843000 -0.579809248 -0.982555449 11.621732712 0.044988789 -0.038235530 0.009861430 0.998206794
38400.937000 -0.584685564 -0.985012650 11.659891129 0.054711469 -0.042560171 0.008839537 0.997555673
38401.015000 -0.587683558 -0.990389287 11.679209709 0.055284768 -0.043663278 0.011248739 0.997452080
38401.140000 -0.592508376 -0.994164348 11.697949409 0.056203287 -0.044250362 0.012368714 0.997361660
38401.234000 -0.595772505 -0.998323619 11.729693413 0.060812145 -0.041989420 0.020348214 0.997058034
38401.328000 -0.594873130 -0.998392344 11.748774529 0.059609395 -0.039682318 0.021478996 0.997201443
38401.406000 -0.594887376 -0.996681035 11.780461311 0.056407783 -0.034753699 0.017108593 0.997656107
38401.515000 -0.593870163 -0.995525122 11.798124313 0.051643457 -0.034505978 0.019739879 0.997874081
38401.609000 -0.598620355 -0.993917286 11.831526756 0.048335958 -0.040965550 0.025717033 0.997659326
38401.687000 -0.599965453 -0.995019376 11.851747513 0.047764346 -0.043085296 0.027588891 0.997547567
38401.781000 -0.604807496 -0.997703791 11.875108719 0.045160413 -0.043551248 0.028636895 0.997619033
38401.875000 -0.614069700 -1.002555728 11.923398972 0.048696779 -0.043385059 0.024737891 0.997564256
38401.953000 -0.619298697 -1.007444382 11.948932648 0.056322720 -0.041876402 0.018511824 0.997362256
38402.062000 -0.623385489 -1.009882450 11.973629951 0.062020689 -0.034051664 0.016073743 0.997364342
38402.171000 -0.629876018 -1.022339821 12.012948036 0.080389217 -0.018479679 0.014013713 0.996493757
38402.250000 -0.634240150 -1.026724696 12.030355453 0.083436549 -0.007844632 0.010928357 0.996422291
38402.359000 -0.640208006 -1.037215233 12.059704781 0.087837018 0.008721943 0.011116808 0.996034682
38402.453000 -0.642089128 -1.041628718 12.072184563 0.086745493 0.016895765 0.008461196 0.996051371
38402.531000 -0.653397143 -1.052484751 12.085335732 0.082371905 0.026252456 0.009101945 0.996214271
38402.656000 -0.645927489 -1.039864063 12.113763809 0.078909770 0.024241760 0.009920388 0.996537626
38402.734000 -0.651417196 -1.036403418 12.149414062 0.069171339 0.016806446 0.008712563 0.997425199
38402.828000 -0.652339756 -1.035644770 12.166864395 0.066579618 0.009078044 0.009486758 0.997694731
38402.906000 -0.652495921 -1.036823392 12.186847687 0.064595290 0.001379026 0.011028691 0.997849643
38403.000000 -0.655999660 -1.035213470 12.210164070 0.065320849 -0.005579127 0.015286865 0.997731626
38403.093000 -0.660015941 -1.032292247 12.259238243 0.060265828 -0.021510452 0.022411350 0.997698903
38403.203000 -0.662900269 -1.032728195 12.289219856 0.057391882 -0.029070992 0.018803129 0.997751236
38403.296000 -0.665617585 -1.034323931 12.344430923 0.061127853 -0.045825303 0.021374537 0.996848345
38403.406000 -0.667445183 -1.036806107 12.372219086 0.066109829 -0.050070368 0.023590358 0.996276021
38403.500000 -0.667149842 -1.044081688 12.424291611 0.069146141 -0.056195036 0.030534146 0.995554447
38403.609000 -0.667207181 -1.047261715 12.445920944 0.068387955 -0.056362066 0.033111051 0.995515049
38403.703000 -0.662718475 -1.048700213 12.494423866 0.065830857 -0.046050265 0.034932975 0.996155322
38403.796000 -0.662139297 -1.050786614 12.515855789 0.064168721 -0.046442930 0.033595856 0.996291518
38403.906000 -0.656806171 -1.052893162 12.559246063 0.053238902 -0.049394406 0.033286512 0.996803820
38403.984000 -0.654001117 -1.056879640 12.577331543 0.054108981 -0.052669920 0.034473021 0.996548951
38404.093000 -0.653441787 -1.061084509 12.626768112 0.054905046 -0.054228902 0.031975456 0.996505022
38404.187000 -0.651628137 -1.063784242 12.645945549 0.054797534 -0.056604791 0.030637445 0.996420860
38404.281000 -0.652526021 -1.065826774 12.699663162 0.054722752 -0.056503806 0.027399614 0.996524990
38404.390000 -0.653224170 -1.069955349 12.725715637 0.054382239 -0.054954261 0.026797093 0.996646702
38404.484000 -0.653710604 -1.072223306 12.754404068 0.055927120 -0.052023273 0.023297377 0.996806383
38404.562000 -0.652256787 -1.080314994 12.808464050 0.057638019 -0.039259315 0.014481799 0.997460186
38404.640000 -0.651014805 -1.086481810 12.833190918 0.055147756 -0.034705523 0.017507581 0.997721314
38404.734000 -0.655589044 -1.094718814 12.858490944 0.057459723 -0.031312395 0.018235339 0.997690022
38404.828000 -0.650349915 -1.096229315 12.908965111 0.055490393 -0.014604570 0.016930033 0.998208880
38404.906000 -0.652579308 -1.099276662 12.936506271 0.056831948 -0.011478646 0.017466672 0.998164952
38405.015000 -0.655235052 -1.097592354 12.960261345 0.055659406 -0.011322409 0.013738624 0.998291075
38405.109000 -0.662066996 -1.099167585 13.008187294 0.058844220 -0.014637655 0.022496359 0.997906327
38405.187000 -0.662644267 -1.102857709 13.031233788 0.058185354 -0.018845616 0.022045590 0.997884393
38405.296000 -0.662468255 -1.104098439 13.081798553 0.059983157 -0.028675955 0.021870783 0.997547686
38405.406000 -0.663517058 -1.108481646 13.106228828 0.060385074 -0.034728054 0.023239758 0.997300148
38405.500000 -0.657276869 -1.109157324 13.155042648 0.065402843 -0.042814687 0.024058003 0.996649683
38405.593000 -0.653024673 -1.113969088 13.176644325 0.068617918 -0.045733660 0.020600924 0.996381283
38405.687000 -0.647041261 -1.119070172 13.223773003 0.067613587 -0.048523426 0.019555181 0.996339083
38405.781000 -0.642727911 -1.123960137 13.244024277 0.067621626 -0.050032895 0.021221705 0.996229768
38405.875000 -0.635131836 -1.128625035 13.278488159 0.075871743 -0.044050861 0.024012499 0.995854616
38405.953000 -0.630705595 -1.132607460 13.297927856 0.079001211 -0.041073330 0.025283070 0.995707095
38406.046000 -0.627502680 -1.129410267 13.314929962 0.076132201 -0.040571552 0.026722165 0.995913565
38406.140000 -0.624541879 -1.128950953 13.331384659 0.073285274 -0.042357750 0.025172148 0.996093094
38406.218000 -0.626060069 -1.135108948 13.369489670 0.072172791 -0.053771455 0.031268824 0.995450675
38406.328000 -0.625033557 -1.136417270 13.387721062 0.073966883 -0.062440980 0.038797162 0.994547546
38406.406000 -0.626309395 -1.145154238 13.427534103 0.075764433 -0.073340364 0.042743921 0.993505895
38406.484000 -0.629785478 -1.145107388 13.447221756 0.075487860 -0.078896403 0.042702712 0.993102968
38406.593000 -0.629383445 -1.149410605 13.470293045 0.071433000 -0.084829904 0.039496411 0.993046463
38406.671000 -0.631463468 -1.145746946 13.514204025 0.067147195 -0.087809592 0.035035867 0.993253887
38406.781000 -0.633124113 -1.147031426 13.540233612 0.065455534 -0.087527737 0.033349860 0.993449688
38406.890000 -0.632446408 -1.146597862 13.594338417 0.062985070 -0.081558816 0.030782769 0.994199932
38406.984000 -0.630744100 -1.149220467 13.619585037 0.061111692 -0.076372653 0.034390297 0.994610429
38407.062000 -0.630136549 -1.153275013 13.669352531 0.064050347 -0.067383409 0.042941041 0.994742751
38407.156000 -0.629056692 -1.156736374 13.692465782 0.069077931 -0.062970676 0.042474687 0.994715452
38407.250000 -0.629492104 -1.160090089 13.718477249 0.075497083 -0.059131414 0.042024136 0.994503736
38407.328000 -0.629802287 -1.161172152 13.740669250 0.081922367 -0.055791825 0.041511923 0.994209588
38407.406000 -0.637389183 -1.165330052 13.788349152 0.085919075 -0.057896558 0.040107142 0.993809521
38407.484000 -0.637423098 -1.163881660 13.809411049 0.083693929 -0.061914790 0.040542860 0.993739486
38407.593000 -0.640267849 -1.167570114 13.834338188 0.081157602 -0.068060070 0.034846291 0.993764102
38407.687000 -0.644829690 -1.166150570 13.877462387 0.070593394 -0.083868876 0.041510928 0.993105948
38407.781000 -0.642706990 -1.166801095 13.898066521 0.066519968 -0.088708915 0.040445972 0.993010581
38407.875000 -0.636885881 -1.173537850 13.941853523 0.066208370 -0.089833125 0.036544330 0.993081570
38407.953000 -0.633904338 -1.176140308 13.963563919 0.068996355 -0.091371097 0.029558605 0.992983937
38408.031000 -0.631357729 -1.178479552 13.990775108 0.071512572 -0.094682306 0.022346459 0.992684186
38408.109000 -0.626980901 -1.181191325 14.011317253 0.072964229 -0.097132660 0.020218555 0.992387354
38408.187000 -0.624331415 -1.186334968 14.033095360 0.076042861 -0.103049807 0.026611095 0.991408110
38408.281000 -0.623031259 -1.189327121 14.082229614 0.072351642 -0.115551218 0.028864432 0.990242422
38408.359000 -0.619711697 -1.191102386 14.103316307 0.066341817 -0.114228845 0.022947902 0.990971208
38408.453000 -0.620755732 -1.193484783 14.125312805 0.068121374 -0.114340007 0.017042341 0.990956843
38408.531000 -0.618554413 -1.199168205 14.170244217 0.063687921 -0.113652840 0.012249880 0.991401434
38408.609000 -0.621556699 -1.197213173 14.194385529 0.058826022 -0.113636121 0.011707637 0.991710305
38408.718000 -0.619999528 -1.198861957 14.215237617 0.052716888 -0.108287193 0.010453489 0.992665887
38408.812000 -0.632021070 -1.204367399 14.257477760 0.050935905 -0.095690548 0.005797352 0.994090140
38408.890000 -0.626066744 -1.205098033 14.287437439 0.050854083 -0.085117280 0.005144752 0.995059013
38408.984000 -0.631220698 -1.209028244 14.313145638 0.056478195 -0.072261810 0.007808324 0.995754719
38409.062000 -0.635516763 -1.213696003 14.339656830 0.058164861 -0.060256645 0.011641055 0.996418834
38409.140000 -0.644115031 -1.227530718 14.394527435 0.059832610 -0.049574841 0.011661252 0.996908426
38409.218000 -0.652707338 -1.228086591 14.418810844 0.063631214 -0.044796012 0.009203400 0.996925116
38409.296000 -0.660457730 -1.231179237 14.445818901 0.064861022 -0.041273378 0.009558626 0.996994615
38409.390000 -0.668461204 -1.233403325 14.472902298 0.065573923 -0.039520085 0.007814046 0.997034252
38409.468000 -0.680325091 -1.234768271 14.525215149 0.063208699 -0.040250428 0.006833968 0.997164905
38409.546000 -0.687050164 -1.232609868 14.547752380 0.056498926 -0.041172467 0.010016260 0.997503102
38409.625000 -0.687870800 -1.235759139 14.574865341 0.053212654 -0.044920005 0.010152292 0.997520745
38409.718000 -0.690201938 -1.236067891 14.601017952 0.052340768 -0.047211614 0.008893295 0.997473061
38409.796000 -0.692796826 -1.239686131 14.660642624 0.051116690 -0.053746950 0.005189790 0.997231901
38409.875000 -0.693081617 -1.239581227 14.692455292 0.052504648 -0.058321584 0.003566799 0.996909797
38409.968000 -0.694152296 -1.238605976 14.722861290 0.054495282 -0.062453009 0.000438374 0.996558964
38410.046000 -0.692678511 -1.240607142 14.752533913 0.055331610 -0.065237746 0.003285415 0.996329129
38410.125000 -0.691529632 -1.252791405 14.813553810 0.053106319 -0.067054577 0.002000382 0.996333003
38410.218000 -0.686692357 -1.256391048 14.837759018 0.056941990 -0.070040114 0.006932756 0.995893538
38410.296000 -0.685984373 -1.263495922 14.868038177 0.060384132 -0.070136160 0.008635128 0.995670736
38410.375000 -0.683233857 -1.264265776 14.888161659 0.065088339 -0.071066812 0.008831801 0.995306492
38410.468000 -0.678620934 -1.267117143 14.909702301 0.065241948 -0.072591655 0.007003264 0.995200992
38410.546000 -0.677827179 -1.270703077 14.956287384 0.056561012 -0.069563337 0.003656277 0.995966077
38410.640000 -0.677511096 -1.273328424 14.978050232 0.054365646 -0.069897056 0.006899613 0.996047795
38410.734000 -0.679092646 -1.273549676 15.000284195 0.051434103 -0.067701921 0.006276493 0.996359169
38410.812000 -0.679871023 -1.277523398 15.044361115 0.043784436 -0.064940006 0.006086077 0.996909559
38410.906000 -0.683568895 -1.278470993 15.068133354 0.041675441 -0.063636042 0.005311658 0.997088492
38410.984000 -0.687429130 -1.276987314 15.091776848 0.041822683 -0.058960013 0.001792444 0.997382283
38411.109000 -0.702998340 -1.285222054 15.137917519 0.049661104 -0.049625948 -0.005958909 0.997514725
38411.203000 -0.707793415 -1.294725537 15.161954880 0.052970175 -0.040685128 -0.001907622 0.997765124
38411.281000 -0.722842932 -1.306909084 15.215849876 0.055976160 -0.036667895 0.006514211 0.997737288
38411.390000 -0.729065239 -1.311513901 15.240161896 0.056832008 -0.030455258 0.002665360 0.997915626
38411.468000 -0.740306675 -1.318638802 15.294924736 0.065698735 -0.023119664 0.004025181 0.997563481
38411.562000 -0.749435246 -1.320838094 15.323458672 0.067864254 -0.023720637 0.003868998 0.997405052
38411.640000 -0.754839659 -1.324226499 15.346938133 0.068686202 -0.025284156 0.006370732 0.997297525
38411.734000 -0.755351424 -1.327011108 15.370679855 0.065924190 -0.028927999 0.007905008 0.997373879
38411.828000 -0.763993502 -1.326854229 15.415726662 0.061689001 -0.035148110 0.006174415 0.997457266
38411.921000 -0.766376019 -1.325543046 15.440852165 0.058846731 -0.039734118 0.007335586 0.997448981
38412.000000 -0.771967351 -1.325859427 15.489367485 0.052934047 -0.051477030 0.010501225 0.997215033
38412.093000 -0.770813227 -1.325323224 15.513560295 0.053738821 -0.056872062 0.012715485 0.996853113
38412.187000 -0.772371173 -1.326660156 15.540152550 0.055017285 -0.061214279 0.013063214 0.996521592
38412.265000 -0.771714509 -1.337931871 15.590292931 0.061686430 -0.071006067 0.011375066 0.995501697
38412.359000 -0.767255545 -1.345683336 15.615952492 0.062816612 -0.074423417 0.010483533 0.995191157
38412.453000 -0.763787568 -1.349410415 15.640947342 0.065338425 -0.075641140 0.009997896 0.994941890
38412.531000 -0.762081683 -1.354945779 15.671094894 0.070033990 -0.077040605 0.009262489 0.994522095
38412.625000 -0.757150114 -1.360722065 15.719898224 0.072145201 -0.083788894 0.012937238 0.993784249
38412.718000 -0.754733980 -1.359542251 15.742599487 0.070628978 -0.090450093 0.009982059 0.993343234
38412.796000 -0.753995419 -1.359193802 15.768310547 0.067729183 -0.096606098 0.008624136 0.992978275
38412.875000 -0.755801499 -1.358151913 15.815986633 0.058739319 -0.106546335 0.016874444 0.992427766
38412.984000 -0.755916238 -1.358674049 15.837844849 0.057370804 -0.110815570 0.021070573 0.991959989
38413.093000 -0.761948943 -1.357312083 15.885927200 0.051547684 -0.115024410 0.024444019 0.991723120
38413.187000 -0.766654849 -1.355986953 15.912781715 0.050196156 -0.115030885 0.025047703 0.991776586
38413.265000 -0.777319193 -1.356264353 15.937874794 0.049510207 -0.111542881 0.024844952 0.992214561
38413.343000 -0.791017413 -1.358003497 15.994550705 0.060420573 -0.096321084 0.021457432 0.993283033
38413.421000 -0.795617998 -1.365033865 16.025131226 0.064349316 -0.081546724 0.023203624 0.994319320
38413.500000 -0.799848258 -1.373674512 16.050060272 0.070999116 -0.067664377 0.032775473 0.994638860
38413.593000 -0.806811154 -1.382682323 16.076982498 0.077139728 -0.060264226 0.034505930 0.994598985
38413.671000 -0.811843395 -1.387204051 16.127595901 0.081650600 -0.028347038 0.022750679 0.995998025
38413.765000 -0.817791402 -1.389645934 16.150066376 0.080817744 -0.019108092 0.023502281 0.996268570
38413.859000 -0.824457765 -1.392288804 16.173124313 0.076770745 -0.015131284 0.024110053 0.996642411
38413.968000 -0.832104921 -1.391813517 16.220645905 0.059500482 -0.013781470 0.023806080 0.997849226
38414.046000 -0.831746340 -1.394354939 16.240232468 0.055089727 -0.013477772 0.027158299 0.998021007
38414.140000 -0.826826036 -1.387629986 16.294555664 0.049560376 -0.014735123 0.026541604 0.998309672
38414.250000 -0.825317740 -1.390026927 16.322551727 0.047902510 -0.018081341 0.021375310 0.998459578
38414.343000 -0.821644545 -1.393201709 16.344564438 0.050098594 -0.023855500 0.018713465 0.998283982
