39307.062000 0.0000000 0.0000000 0.0000000 -0.0000000 -0.0000000 -0.0000000 1.0000000
39307.125000 -0.0014710 -0.0049994 -0.0042353 0.0055655 0.0032260 -0.0056031 0.9999636
39307.187000 -0.0020166 -0.0025095 -0.0007842 0.0047093 0.0033676 -0.0079459 0.9999517
39307.250000 -0.0027737 -0.0020642 -0.0011773 0.0009014 0.0024002 -0.0069273 0.9999727
39307.328000 -0.0053248 -0.0010673 -0.0035052 0.0005907 0.0007736 -0.0039448 0.9999918
39307.390000 -0.0025907 -0.0019053 -0.0061652 0.0006541 -0.0000792 -0.0013902 0.9999988
39307.578000 -0.0059083 -0.0015415 -0.0079583 0.0063020 0.0018189 -0.0015978 0.9999772
39307.703000 -0.0066516 -0.0026221 -0.0086580 0.0061836 0.0006088 0.0017719 0.9999791
39307.796000 -0.0074451 -0.0010674 -0.0081688 0.0085931 0.0006669 0.0036790 0.9999561
39309.593000 -0.0135590 0.0000642 -0.0036359 0.0087702 -0.0118106 0.0057102 0.9998755
39309.906000 -0.0173328 -0.0011506 -0.0020917 0.0088573 -0.0174087 0.0088734 0.9997699
39310.078000 -0.0185571 -0.0013013 -0.0032005 0.0073397 -0.0197068 0.0163462 0.9996452
39310.515000 -0.0192457 -0.0010697 -0.0087021 0.0081170 -0.0263098 0.0165434 0.9994840
39310.609000 -0.0184436 -0.0042686 -0.0116802 0.0067813 -0.0275105 0.0201969 0.9993945
39310.687000 -0.0192362 -0.0035286 -0.0158069 0.0193459 -0.0213983 0.0166885 0.9994445
39310.765000 -0.0173042 0.0003350 -0.0159220 0.0189411 -0.0219718 0.0156345 0.9994569
39310.843000 -0.0203355 -0.0029897 -0.0178645 0.0120802 -0.0215817 0.0133544 0.9996049
39310.937000 -0.0190466 -0.0034553 -0.0201237 0.0142937 -0.0260941 0.0112824 0.9994937
39311.031000 -0.0266218 -0.0099596 -0.0223294 0.0120050 -0.0321539 0.0022732 0.9994082
39311.203000 -0.0364655 -0.0204069 -0.0300730 0.0386390 -0.0382012 -0.0006887 0.9985225
39311.281000 -0.0371814 -0.0210657 -0.0344108 0.0484959 -0.0446609 -0.0016362 0.9978231
39311.375000 -0.0388801 -0.0222362 -0.0319069 0.0515990 -0.0500771 -0.0061994 0.9973924
39311.468000 -0.0429846 -0.0255084 -0.0339429 0.0509717 -0.0524663 -0.0097122 0.9972737
39311.562000 -0.0595168 -0.0299985 -0.0314231 0.0559055 -0.0661783 -0.0218100 0.9960017
39311.640000 -0.0638869 -0.0321875 -0.0285361 0.0489628 -0.0730748 -0.0238733 0.9958377
39311.734000 -0.0733354 -0.0402307 -0.0200822 0.0352856 -0.0738907 -0.0241501 0.9963493
39311.812000 -0.0833896 -0.0488986 -0.0004217 0.0365526 -0.0814325 -0.0216897 0.9957722
39311.890000 -0.0917974 -0.0521057 0.0135791 0.0269766 -0.0797887 -0.0146245 0.9963394
39312.140000 -0.1121608 -0.0773891 0.0412237 0.0338744 -0.0831882 -0.0115459 0.9958910
39312.218000 -0.1110560 -0.0648243 0.0771710 0.0385523 -0.0839151 -0.0114965 0.9956605
39312.296000 -0.1162876 -0.0674952 0.0912097 0.0342239 -0.0782574 -0.0130999 0.9962595
39312.375000 -0.1165859 -0.0702931 0.1062258 0.0312371 -0.0715713 -0.0095664 0.9969004
39312.468000 -0.1195480 -0.0742400 0.1229577 0.0293202 -0.0679153 -0.0080462 0.9972277
39312.546000 -0.1287372 -0.0795497 0.1526963 0.0260087 -0.0666659 -0.0043599 0.9974268
39312.625000 -0.1353565 -0.0800648 0.1666130 0.0248827 -0.0663034 -0.0046474 0.9974784
39312.703000 -0.1380930 -0.0831606 0.1817496 0.0225037 -0.0597482 0.0020403 0.9979577
39312.796000 -0.1392714 -0.0843537 0.1987029 0.0130396 -0.0568825 0.0090766 0.9982545
39312.875000 -0.1527706 -0.1730487 0.2706764 0.0109049 -0.0591915 0.0129345 0.9981033
39312.953000 -0.1449129 -0.0947289 0.2292673 0.0350660 -0.0637284 0.0025874 0.9973477
39313.031000 -0.1463987 -0.0976799 0.2382357 0.0394543 -0.0690669 -0.0051308 0.9968184
39313.109000 -0.1492179 -0.0992770 0.2480857 0.0385943 -0.0722276 -0.0103112 0.9965879
39313.187000 -0.1477895 -0.1040578 0.2578427 0.0377154 -0.0753326 -0.0095153 0.9963995
39313.281000 -0.1446766 -0.1069032 0.2825696 0.0336463 -0.0835185 -0.0066823 0.9959157
39313.359000 -0.1419903 -0.1065324 0.2979196 0.0303734 -0.0901338 -0.0097998 0.9954182
39313.453000 -0.1409275 -0.1051680 0.3128152 0.0241431 -0.0949483 -0.0058217 0.9951724
39313.531000 -0.1373197 -0.1002785 0.3295624 0.0218411 -0.0982012 0.0008639 0.9949265
39313.609000 -0.1338624 -0.1009995 0.3604674 0.0236172 -0.0968674 0.0083407 0.9949821
39313.687000 -0.1281346 -0.1033603 0.3773273 0.0280153 -0.1007251 0.0078144 0.9944891
39313.859000 -0.1250436 -0.1129018 0.4049583 0.0275347 -0.1030318 0.0083765 0.9942616
39313.937000 -0.1237323 -0.1173838 0.4212521 0.0347041 -0.1050876 0.0073814 0.9938298
39314.031000 -0.1233374 -0.1201535 0.4523058 0.0403673 -0.1047854 -0.0013134 0.9936744
39314.109000 -0.1209468 -0.1224765 0.4694183 0.0369022 -0.1028427 -0.0012920 0.9940121
39314.187000 -0.1230423 -0.1238032 0.4870295 0.0409962 -0.1018877 -0.0000830 0.9939508
39314.265000 -0.1209004 -0.1308672 0.5173933 0.0457550 -0.1015142 0.0045909 0.9937707
39314.500000 -0.1251610 -0.1335905 0.5596913 0.0534578 -0.1138001 0.0033773 0.9920587
39314.593000 -0.1326216 -0.1394363 0.5667195 0.0545598 -0.1226308 -0.0027477 0.9909477
39314.671000 -0.1381907 -0.1435448 0.5891526 0.0537194 -0.1251520 0.0021501 0.9906799
39314.750000 -0.1425340 -0.1516335 0.5985925 0.0568422 -0.1278553 0.0058109 0.9901456
39314.921000 -0.1433974 -0.1548757 0.6228776 0.0587952 -0.1286566 0.0017552 0.9899432
39315.093000 -0.1458501 -0.1595950 0.6716105 0.0582385 -0.1261256 -0.0006548 0.9903031
39315.187000 -0.1497739 -0.1622693 0.6914479 0.0549107 -0.1180312 -0.0023452 0.9914877
39315.265000 -0.1533099 -0.1637443 0.7129979 0.0588984 -0.1146166 0.0017363 0.9916607
39315.359000 -0.1589828 -0.1671658 0.7580027 0.0587684 -0.1111839 0.0075113 0.9920322
39315.437000 -0.1632916 -0.1691778 0.7790244 0.0570239 -0.1081384 0.0090008 0.9924583
39315.515000 -0.1638738 -0.1685479 0.7999904 0.0651890 -0.1099784 0.0101474 0.9917420
39315.609000 -0.1705266 -0.1733800 0.8161596 0.0658843 -0.1115922 0.0115628 0.9915003
39315.687000 -0.1761008 -0.1722692 0.8618100 0.0609977 -0.1100706 0.0116107 0.9919823
39315.765000 -0.1803077 -0.1736175 0.8805106 0.0588063 -0.1118135 0.0130142 0.9919024
39315.859000 -0.1864288 -0.1784512 0.8987767 0.0515451 -0.1117746 0.0140257 0.9922968
39315.937000 -0.1946951 -0.1776523 0.9169489 0.0528654 -0.1120431 0.0110294 0.9922348
39316.015000 -0.2044111 -0.1828378 0.9492980 0.0491761 -0.1141807 0.0076804 0.9922124
39316.093000 -0.2075922 -0.1804304 0.9666898 0.0456510 -0.1114084 0.0088588 0.9926861
39316.187000 -0.2106172 -0.1816691 0.9829840 0.0532494 -0.1109650 0.0088427 0.9923573
39316.265000 -0.2210942 -0.1818302 0.9941209 0.0535146 -0.1098688 0.0089224 0.9924644
39316.343000 -0.2310054 -0.1797190 1.0285914 0.0489027 -0.1065929 0.0066331 0.9930773
39316.421000 -0.2349956 -0.1793585 1.0451385 0.0398295 -0.1059114 0.0054167 0.9935628
39316.500000 -0.2385616 -0.1787180 1.0601188 0.0367175 -0.1073331 0.0039292 0.9935371
39316.593000 -0.2434407 -0.1767507 1.0735863 0.0403804 -0.1132278 0.0040353 0.9927400
39316.671000 -0.2522174 -0.1778685 1.0997016 0.0336852 -0.1228930 0.0050183 0.9918354
39316.750000 -0.2561104 -0.1826062 1.1147746 0.0293454 -0.1279911 0.0024519 0.9913380
39316.828000 -0.2597450 -0.1867322 1.1322199 0.0298723 -0.1333656 0.0031080 0.9906117
39316.937000 -0.2601153 -0.1910570 1.1420467 0.0328409 -0.1385552 0.0007564 0.9898098
39317.015000 -0.2715852 -0.1940464 1.1746080 0.0417590 -0.1493356 -0.0032588 0.9878990
39317.078000 -0.2768842 -0.1957313 1.1909744 0.0387689 -0.1508932 -0.0014651 0.9877885
39317.328000 -0.2832577 -0.2045700 1.2384410 0.0575591 -0.1556477 0.0103582 0.9860799
39317.406000 -0.2882595 -0.2026621 1.2824248 0.0425896 -0.1518765 0.0178246 0.9873206
39317.484000 -0.2883308 -0.2045730 1.2991905 0.0343924 -0.1495011 0.0197365 0.9879661
39317.656000 -0.2927420 -0.2137390 1.3317769 0.0429498 -0.1483360 0.0199958 0.9878016
39317.734000 -0.2933043 -0.2140106 1.3472775 0.0433153 -0.1483822 0.0164600 0.9878439
39317.812000 -0.2951783 -0.2185226 1.3776460 0.0465507 -0.1443863 0.0147148 0.9883164
39317.984000 -0.2946099 -0.2235530 1.3999068 0.0626706 -0.1422085 0.0112411 0.9877868
39318.062000 -0.2838618 -0.2292082 1.4118247 0.0610792 -0.1363605 0.0145926 0.9886669
39318.156000 -0.2906060 -0.2355310 1.4464931 0.0593273 -0.1271426 0.0177575 0.9899493
39318.234000 -0.2866418 -0.2353011 1.4646915 0.0598737 -0.1294114 0.0173486 0.9896297
39318.312000 -0.2891130 -0.2344193 1.4863552 0.0569797 -0.1274692 0.0137845 0.9901085
39318.390000 -0.2892444 -0.2376912 1.5076295 0.0556107 -0.1263397 0.0105707 0.9903706
39318.468000 -0.2906541 -0.2394777 1.5282009 0.0521058 -0.1246361 0.0119120 0.9907618
39318.718000 -0.3016979 -0.2442677 1.6135105 0.0464540 -0.1107885 0.0173133 0.9926068
39318.812000 -0.3112623 -0.2497084 1.6541972 0.0531358 -0.1096337 0.0137568 0.9924555
39318.890000 -0.3155810 -0.2512806 1.6756904 0.0531024 -0.1101565 0.0160466 0.9923650
39319.078000 -0.3239194 -0.2644284 1.7174525 0.0587897 -0.1086257 0.0168015 0.9922006
39319.171000 -0.3284018 -0.2747105 1.7591436 0.0675182 -0.1047847 0.0147781 0.9920903
39319.250000 -0.3352179 -0.2800990 1.7778895 0.0668721 -0.1029363 0.0128047 0.9923549
39319.343000 -0.3487836 -0.2796172 1.8208600 0.0642338 -0.1017632 0.0117128 0.9926636
39319.437000 -0.3499356 -0.2859724 1.8360605 0.0603729 -0.1026685 0.0193383 0.9926935
39319.515000 -0.3530686 -0.2823520 1.8535551 0.0629519 -0.1010393 0.0158934 0.9927616
39319.593000 -0.3554911 -0.2848593 1.8639612 0.0629899 -0.1034481 0.0181018 0.9924732
39319.687000 -0.3614819 -0.2840289 1.8936141 0.0436229 -0.1098884 0.0167799 0.9928444
39319.765000 -0.3644249 -0.2842327 1.9095258 0.0427160 -0.1121471 0.0140945 0.9926730
39319.843000 -0.3670422 -0.2835236 1.9218755 0.0457205 -0.1152101 0.0130231 0.9922029
39319.937000 -0.3664765 -0.2856281 1.9348093 0.0486701 -0.1194364 0.0081838 0.9916145
39320.062000 -0.3691594 -0.2926092 1.9661018 0.0576280 -0.1283610 0.0060940 0.9900330
39320.203000 -0.3719621 -0.3041002 2.0041814 0.0553372 -0.1298568 0.0022400 0.9899848
39320.281000 -0.3763570 -0.3205364 2.0440967 0.0646093 -0.1297868 -0.0036799 0.9894279
39320.531000 -0.3803052 -0.3387167 2.1048563 0.0742954 -0.1395375 -0.0017323 0.9874242
39320.703000 -0.3884647 -0.3433648 2.1647143 0.0666746 -0.1429588 0.0001831 0.9874802
39321.046000 -0.3990045 -0.3538237 2.2466245 0.0501812 -0.1481130 -0.0004293 0.9876964
39321.390000 -0.4277825 -0.3636980 2.3480468 0.0575696 -0.1479478 -0.0018819 0.9873164
39321.484000 -0.4402247 -0.3725256 2.3976455 0.0628016 -0.1384396 -0.0027351 0.9883739
39321.562000 -0.4414727 -0.3792753 2.4194355 0.0672817 -0.1362943 -0.0032143 0.9883758
39321.734000 -0.4552024 -0.3744277 2.4556031 0.0793248 -0.1374901 -0.0068654 0.9872978
39321.890000 -0.4843264 -0.3973176 2.5285242 0.0793580 -0.1372257 -0.0070877 0.9873304
39322.156000 -0.5203713 -0.4022465 2.6066782 0.0738005 -0.1484091 -0.0052778 0.9861543
39322.218000 -0.5289088 -0.4047295 2.6256130 0.0719616 -0.1561836 -0.0043653 0.9850935
39322.375000 -0.5378671 -0.4013653 2.6563711 0.0759876 -0.1651437 -0.0055252 0.9833224
39322.484000 -0.5403530 -0.4042915 2.6686027 0.0718838 -0.1692786 -0.0013928 0.9829423
39322.546000 -0.5461439 -0.4146591 2.7104182 0.0639590 -0.1744372 -0.0056575 0.9825726
39322.718000 -0.5491932 -0.4146837 2.7495942 0.0658194 -0.1775444 -0.0016662 0.9819078
39322.796000 -0.5500966 -0.4185832 2.7686346 0.0619009 -0.1736400 -0.0033427 0.9828562
39322.875000 -0.5475689 -0.4231162 2.8111587 0.0671964 -0.1660231 0.0070424 0.9838045
39323.046000 -0.5473906 -0.4318211 2.8499033 0.0663307 -0.1511840 0.0114138 0.9862117
39323.203000 -0.5454808 -0.4378172 2.9102194 0.0645730 -0.1366580 0.0178243 0.9883507
39323.281000 -0.5446136 -0.4384167 2.9315567 0.0638863 -0.1358406 0.0211879 0.9884417
39323.484000 -0.5471013 -0.4381687 2.9670293 0.0625196 -0.1375364 0.0227859 0.9882590
39323.562000 -0.5524276 -0.4404325 3.0027492 0.0617464 -0.1446164 0.0261361 0.9872135
39323.750000 -0.5609591 -0.4361200 3.0559542 0.0391779 -0.1417630 0.0332194 0.9885671
39323.843000 -0.5680004 -0.4398354 3.0738666 0.0336613 -0.1396295 0.0306354 0.9891573
39323.921000 -0.5703639 -0.4434226 3.0876238 0.0359013 -0.1416664 0.0301787 0.9888029
39324.015000 -0.5840910 -0.4452352 3.1181285 0.0393852 -0.1410099 0.0306233 0.9887503
39324.093000 -0.5917416 -0.4516147 3.1354280 0.0434784 -0.1358635 0.0279833 0.9893774
39324.187000 -0.5913613 -0.4502998 3.1538444 0.0406638 -0.1289672 0.0284187 0.9904071
39324.265000 -0.6011618 -0.4546587 3.1772218 0.0343937 -0.1145315 0.0259645 0.9924845
39324.359000 -0.5981441 -0.4555004 3.1959655 0.0534000 -0.1141711 0.0352838 0.9913972
39324.437000 -0.5976871 -0.4516237 3.2194526 0.0592498 -0.1117808 0.0347040 0.9913577
39324.515000 -0.6080152 -0.4623332 3.2392342 0.0627697 -0.1128051 0.0335117 0.9910661
39324.609000 -0.6170886 -0.4671215 3.2624066 0.0584774 -0.1128981 0.0342443 0.9912930
39324.687000 -0.6346096 -0.4772127 3.2984631 0.0584443 -0.1158646 0.0308326 0.9910646
39324.781000 -0.6436266 -0.4834998 3.3169489 0.0554673 -0.1157050 0.0289210 0.9913120
39324.859000 -0.6462618 -0.4862321 3.3373058 0.0514492 -0.1200038 0.0273165 0.9910630
39324.937000 -0.6640087 -0.4902923 3.3740911 0.0553936 -0.1264077 0.0274607 0.9900498
39325.015000 -0.6731318 -0.4907277 3.3918946 0.0592451 -0.1282383 0.0271221 0.9896007
39325.109000 -0.6804990 -0.4956613 3.4086881 0.0628757 -0.1285423 0.0265024 0.9893539
39325.187000 -0.6909287 -0.5011926 3.4241409 0.0585599 -0.1243367 0.0224174 0.9902568
39325.265000 -0.7028219 -0.5074467 3.4447281 0.0556783 -0.1256653 0.0250445 0.9901924
39325.359000 -0.7079222 -0.5044373 3.4645545 0.0560233 -0.1273091 0.0256223 0.9899482
39325.437000 -0.7106178 -0.5058922 3.4757180 0.0513978 -0.1288217 0.0241550 0.9900403
39325.515000 -0.7150334 -0.5060452 3.4841940 0.0500627 -0.1249460 0.0204393 0.9906889
39325.609000 -0.7207144 -0.5078153 3.5057707 0.0545019 -0.1329938 0.0245668 0.9893122
39325.687000 -0.7248678 -0.5107543 3.5155010 0.0531119 -0.1339607 0.0217496 0.9893233
39325.781000 -0.7258888 -0.5125803 3.5265496 0.0560042 -0.1358509 0.0220268 0.9888999
39325.859000 -0.7264073 -0.5167994 3.5404923 0.0632469 -0.1406555 0.0215712 0.9878008
39325.953000 -0.7305787 -0.5199931 3.5655484 0.0621242 -0.1427736 0.0176863 0.9876454
39326.031000 -0.7312199 -0.5209698 3.5795412 0.0603909 -0.1429613 0.0158218 0.9877574
39326.109000 -0.7361801 -0.5248480 3.5963569 0.0613030 -0.1479921 0.0203984 0.9868760
39326.187000 -0.7388875 -0.5237448 3.6127660 0.0591990 -0.1457326 0.0253660 0.9872255
39326.265000 -0.7477772 -0.5332615 3.6468952 0.0602706 -0.1515896 0.0250773 0.9862856
39326.343000 -0.7499034 -0.5357568 3.6642010 0.0568126 -0.1507420 0.0271525 0.9865657
39326.421000 -0.7535598 -0.5385283 3.6826308 0.0623540 -0.1530289 0.0273955 0.9858720
39326.515000 -0.7601233 -0.5427725 3.7043869 0.0573808 -0.1514170 0.0240742 0.9865094
39326.609000 -0.7663333 -0.5463688 3.7238498 0.0505132 -0.1505326 0.0229906 0.9870460
39326.703000 -0.7743702 -0.5476894 3.7663386 0.0537204 -0.1549000 0.0268817 0.9861022
39326.781000 -0.7796189 -0.5510734 3.7867775 0.0502635 -0.1549195 0.0271021 0.9862753
39326.859000 -0.7852190 -0.5497342 3.8046858 0.0433726 -0.1529764 0.0266806 0.9869170
39326.937000 -0.7937429 -0.5553299 3.8350976 0.0459490 -0.1579031 0.0224571 0.9861293
39327.015000 -0.8000861 -0.5572473 3.8497117 0.0496980 -0.1623828 0.0159678 0.9853461
39327.093000 -0.8067898 -0.5605393 3.8658240 0.0425449 -0.1673967 0.0131103 0.9848840
39327.171000 -0.8092792 -0.5609249 3.8811808 0.0404755 -0.1681481 0.0123506 0.9848530
39327.250000 -0.8138938 -0.5618339 3.8877118 0.0483908 -0.1719773 0.0166855 0.9837702
39327.328000 -0.8134425 -0.5657015 3.8985534 0.0480113 -0.1748234 0.0178119 0.9832672
39327.406000 -0.8201846 -0.5662702 3.9248557 0.0428479 -0.1723855 0.0160463 0.9839664
39327.484000 -0.8269873 -0.5653784 3.9403727 0.0440238 -0.1715397 0.0162862 0.9840583
39327.546000 -0.8335817 -0.5726443 3.9564435 0.0400073 -0.1691736 0.0179822 0.9846098
39327.625000 -0.8360175 -0.5691419 3.9737918 0.0456277 -0.1661293 0.0184189 0.9848756
39327.703000 -0.8450642 -0.5766270 3.9966946 0.0512855 -0.1640631 0.0200068 0.9849126
39327.781000 -0.8501585 -0.5775229 4.0163646 0.0556312 -0.1580530 0.0163977 0.9857259
39327.875000 -0.8564237 -0.6083254 4.0615892 0.0546836 -0.1612061 0.0196619 0.9852085
39327.968000 -0.8709114 -0.5914990 4.0766912 0.0616106 -0.1564659 0.0221510 0.9855110
39328.046000 -0.8746043 -0.5961231 4.0925331 0.0642548 -0.1557869 0.0210938 0.9854729
39328.125000 -0.8818704 -0.5985010 4.1148949 0.0595103 -0.1510573 0.0224760 0.9864761
39328.203000 -0.8864835 -0.6022512 4.1495380 0.0639007 -0.1456390 0.0297148 0.9868248
39328.312000 -0.8965257 -0.6076319 4.1613569 0.0658745 -0.1414792 0.0329899 0.9871960
39328.406000 -0.9008844 -0.6120623 4.1799731 0.0670442 -0.1404989 0.0334713 0.9872410
39328.468000 -0.9218348 -0.6199703 4.2093077 0.0694980 -0.1366899 0.0322894 0.9876453
39328.562000 -0.9288802 -0.6180313 4.2227254 0.0710616 -0.1349633 0.0299115 0.9878464
39328.640000 -0.9362504 -0.6180439 4.2348156 0.0685994 -0.1321692 0.0290419 0.9884240
39328.734000 -0.9449115 -0.6242346 4.2525063 0.0660593 -0.1304767 0.0300747 0.9887909
39328.812000 -0.9616871 -0.6208281 4.2769709 0.0646291 -0.1259255 0.0344349 0.9893332
39328.875000 -0.9683300 -0.6190015 4.2888155 0.0615001 -0.1266416 0.0343874 0.9894429
39328.953000 -0.9723756 -0.6191096 4.3002777 0.0566005 -0.1277697 0.0333912 0.9896243
39329.031000 -0.9779802 -0.6184204 4.3091507 0.0574547 -0.1292425 0.0344960 0.9893460
39329.125000 -0.9842023 -0.6224878 4.3215575 0.0602768 -0.1322877 0.0375877 0.9886627
39329.218000 -0.9931499 -0.6191306 4.3459306 0.0539551 -0.1335616 0.0341017 0.9889829
39329.312000 -0.9971184 -0.6221648 4.3589258 0.0541537 -0.1342382 0.0336948 0.9888945
39329.406000 -0.9993535 -0.6185148 4.3718209 0.0539630 -0.1342388 0.0331417 0.9889235
39329.484000 -1.0069692 -0.6240509 4.4070520 0.0564812 -0.1351387 0.0284556 0.9888062
39329.562000 -1.0109202 -0.6323467 4.4263673 0.0535853 -0.1349560 0.0277874 0.9890113
39329.640000 -1.0141507 -0.6321606 4.4485221 0.0524200 -0.1321794 0.0294430 0.9894007
39329.718000 -1.0178556 -0.6349929 4.4686799 0.0553520 -0.1317905 0.0301817 0.9892707
39329.796000 -1.0274552 -0.6466432 4.5139384 0.0548329 -0.1344377 0.0246356 0.9890971
39329.875000 -1.0288055 -0.6428953 4.5299273 0.0596896 -0.1373554 0.0276189 0.9883359
39329.953000 -1.0342799 -0.6538938 4.5523934 0.0625590 -0.1421582 0.0328524 0.9873187
39330.046000 -1.0373209 -0.6558481 4.5743909 0.0603582 -0.1423758 0.0354552 0.9873343
39330.125000 -1.0438689 -0.6624557 4.5949450 0.0624897 -0.1446360 0.0354601 0.9868729
39330.203000 -1.0527651 -0.6698720 4.6386261 0.0515518 -0.1445899 0.0331611 0.9875913
39330.281000 -1.0567392 -0.6697099 4.6633191 0.0517710 -0.1471619 0.0326096 0.9872182
39330.437000 -1.0670197 -0.6713023 4.6935339 0.0543589 -0.1580281 0.0296800 0.9854904
39330.531000 -1.0712107 -0.6732614 4.7115774 0.0478655 -0.1597864 0.0280188 0.9855923
39330.609000 -1.0835575 -0.6756432 4.7420559 0.0449800 -0.1664424 0.0224895 0.9847680
39330.765000 -1.0951259 -0.6749556 4.7782049 0.0365985 -0.1718352 0.0178988 0.9842830
39330.843000 -1.0974482 -0.6736867 4.7918983 0.0306617 -0.1709357 0.0201564 0.9845987
39330.937000 -1.1038564 -0.6699260 4.8083196 0.0388765 -0.1700407 0.0199397 0.9844680
39331.015000 -1.1212045 -0.6786526 4.8431029 0.0358802 -0.1620367 0.0176776 0.9859738
39331.125000 -1.1242397 -0.6792375 4.8613124 0.0406958 -0.1583034 0.0196189 0.9863564
39331.187000 -1.1353912 -0.6892112 4.9047074 0.0498864 -0.1505002 0.0279645 0.9869545
39331.265000 -1.1444315 -0.6935651 4.9257565 0.0514767 -0.1490002 0.0294542 0.9870570
39331.375000 -1.1525832 -0.6971273 4.9460249 0.0523941 -0.1495052 0.0279313 0.9869766
39331.468000 -1.1607103 -0.6989313 4.9699397 0.0455815 -0.1469026 0.0253308 0.9877754
39331.640000 -1.1859168 -0.7105665 5.0244880 0.0459888 -0.1424570 0.0258868 0.9883931
39331.734000 -1.1926579 -0.7175374 5.0459666 0.0476032 -0.1401599 0.0256100 0.9886523
39331.812000 -1.2089419 -0.7242362 5.0798869 0.0495564 -0.1388571 0.0228509 0.9888077
39331.890000 -1.2221768 -0.7254882 5.0983677 0.0491612 -0.1386430 0.0210934 0.9888966
39331.968000 -1.2308989 -0.7332388 5.1144981 0.0509892 -0.1390717 0.0200174 0.9887661
39332.062000 -1.2419118 -0.7343730 5.1315837 0.0500171 -0.1389879 0.0183525 0.9888599
39332.140000 -1.2571137 -0.7385942 5.1624722 0.0484188 -0.1463336 0.0181459 0.9878830
39332.218000 -1.2694471 -0.7399262 5.1789112 0.0484858 -0.1508703 0.0141457 0.9872625
39332.296000 -1.2759775 -0.7420312 5.1916099 0.0445095 -0.1556697 0.0124485 0.9867274
39332.468000 -1.2942489 -0.7479123 5.2323208 0.0436501 -0.1722612 0.0050568 0.9840707
39332.562000 -1.3011799 -0.7477269 5.2451677 0.0361107 -0.1716004 0.0025363 0.9845014
39332.640000 -1.3038185 -0.7457744 5.2653804 0.0370551 -0.1771730 0.0068529 0.9834580
39332.718000 -1.3065038 -0.7496303 5.2807698 0.0435974 -0.1829214 0.0102437 0.9821070
39332.796000 -1.3193961 -0.7531118 5.3125515 0.0480404 -0.1849055 0.0093666 0.9815367
39332.875000 -1.3204862 -0.7548692 5.3313942 0.0484664 -0.1859680 0.0098674 0.9813101
39332.953000 -1.3277059 -0.7636619 5.3543715 0.0518307 -0.1852285 0.0102760 0.9812739
39333.031000 -1.3329580 -0.7695473 5.3780966 0.0560128 -0.1839093 0.0126562 0.9812644
39333.109000 -1.3357115 -0.7729313 5.3999796 0.0611659 -0.1845503 0.0126387 0.9808365
39333.203000 -1.3431206 -0.7739982 5.4242082 0.0535512 -0.1820206 0.0130717 0.9817484
39333.281000 -1.3484279 -0.7804624 5.4672012 0.0600979 -0.1834562 0.0160809 0.9810573
39333.359000 -1.3574229 -0.7799045 5.4897232 0.0516135 -0.1814732 0.0162665 0.9819058
39333.453000 -1.3607280 -0.7811266 5.5110455 0.0520282 -0.1829125 0.0147657 0.9816405
39333.531000 -1.3557724 -0.7832049 5.5325718 0.0511404 -0.1878668 0.0127281 0.9807796
39333.640000 -1.3644898 -0.7890020 5.5703292 0.0373118 -0.1884602 0.0100314 0.9813206
39333.734000 -1.3711381 -0.7897587 5.5848451 0.0391246 -0.1871201 0.0110537 0.9814954
39333.812000 -1.3706642 -0.7929209 5.6147361 0.0357124 -0.1803191 0.0105667 0.9829028
39333.890000 -1.3693398 -0.7944218 5.6303949 0.0392234 -0.1785109 0.0101570 0.9831034
39333.984000 -1.3724792 -0.7938718 5.6513577 0.0375702 -0.1753806 0.0082796 0.9837487
39334.156000 -1.3848275 -0.8025625 5.7090659 0.0408024 -0.1675760 0.0184358 0.9848419
39334.234000 -1.3846269 -0.8053283 5.7299132 0.0481079 -0.1646400 0.0187124 0.9850021
39334.328000 -1.3882341 -0.8077032 5.7490149 0.0521722 -0.1641644 0.0226337 0.9847923
39334.421000 -1.4014848 -0.8186141 5.7971592 0.0524754 -0.1585251 0.0274749 0.9855766
39334.500000 -1.4067130 -0.8250990 5.8188634 0.0546623 -0.1590092 0.0299257 0.9853083
39334.578000 -1.4149555 -0.8298461 5.8415451 0.0513232 -0.1562573 0.0270988 0.9860098
39334.656000 -1.4221894 -0.8337855 5.8638682 0.0526676 -0.1535712 0.0284660 0.9863223
39334.750000 -1.4365202 -0.8416414 5.9029799 0.0528590 -0.1523522 0.0274341 0.9865304
39334.828000 -1.4426923 -0.8441376 5.9225416 0.0510357 -0.1505294 0.0283239 0.9868810
39334.921000 -1.4492266 -0.8423727 5.9386187 0.0564538 -0.1494255 0.0302229 0.9866973
39335.093000 -1.4684072 -0.8489054 5.9922361 0.0608604 -0.1409152 0.0348596 0.9875342
39335.187000 -1.4768819 -0.8507636 6.0099883 0.0592682 -0.1379789 0.0356901 0.9880159
39335.281000 -1.4828854 -0.8545566 6.0401869 0.0608358 -0.1375120 0.0362221 0.9879663
39335.359000 -1.4902209 -0.8519366 6.0631933 0.0553364 -0.1402028 0.0354590 0.9879391
39335.437000 -1.4946808 -0.8557123 6.0792599 0.0524365 -0.1419994 0.0337466 0.9879007
39335.531000 -1.4996070 -0.8567154 6.0961404 0.0529449 -0.1455697 0.0325152 0.9873951
39335.609000 -1.5070056 -0.8596838 6.1358614 0.0480600 -0.1546465 0.0302262 0.9863372
39335.687000 -1.5126450 -0.8607893 6.1530490 0.0520611 -0.1579066 0.0299130 0.9856269
39335.765000 -1.5149425 -0.8628894 6.1723876 0.0500041 -0.1602765 0.0311623 0.9853122
39335.859000 -1.5141251 -0.8683689 6.1921058 0.0510663 -0.1605121 0.0332251 0.9851518
39335.937000 -1.5175580 -0.8752521 6.2341728 0.0467704 -0.1568175 0.0325441 0.9859826
39336.015000 -1.5176488 -0.8817771 6.2548714 0.0520218 -0.1575093 0.0346080 0.9855388
39336.109000 -1.5190772 -0.8908349 6.2739239 0.0547657 -0.1602385 0.0353893 0.9849223
39336.203000 -1.5223180 -0.8904434 6.2972579 0.0495613 -0.1566065 0.0359346 0.9857621
39336.296000 -1.5246414 -0.9031388 6.3420157 0.0572719 -0.1625788 0.0321487 0.9845073
39336.375000 -1.5316194 -0.9040129 6.3609333 0.0563043 -0.1647489 0.0314473 0.9842249
39336.562000 -1.5328586 -0.9111495 6.4211445 0.0563000 -0.1742603 0.0313142 0.9825900
39336.640000 -1.5360855 -0.9117311 6.4365797 0.0560014 -0.1774028 0.0274070 0.9821614
39336.718000 -1.5407305 -0.9134129 6.4541330 0.0496827 -0.1791739 0.0249266 0.9822459
39336.812000 -1.5444174 -0.9081964 6.4824853 0.0437660 -0.1828292 0.0269427 0.9818005
39336.968000 -1.5454652 -0.9130762 6.5083823 0.0448585 -0.1897122 0.0227916 0.9805496
39337.062000 -1.5513710 -0.9082373 6.5234814 0.0338969 -0.1915301 0.0215624 0.9806642
39337.140000 -1.5612484 -0.9061497 6.5577636 0.0425216 -0.1941303 0.0262412 0.9797024
39337.234000 -1.5608726 -0.9123262 6.5722942 0.0428184 -0.1936826 0.0260056 0.9797844
39337.328000 -1.5642045 -0.9153009 6.5954452 0.0437757 -0.1935762 0.0244490 0.9798031
39337.406000 -1.5748578 -0.9205149 6.6399751 0.0455026 -0.1913734 0.0247932 0.9801485
39337.484000 -1.5803510 -0.9261605 6.6619301 0.0497774 -0.1846471 0.0227667 0.9812794
39337.562000 -1.5830371 -0.9310027 6.6862516 0.0535310 -0.1846905 0.0251595 0.9810152
39337.656000 -1.5870237 -0.9383926 6.7102799 0.0528951 -0.1821288 0.0230242 0.9815809
39337.734000 -1.5925635 -0.9436669 6.7305431 0.0535315 -0.1807458 0.0219153 0.9818274
39337.875000 -1.6096669 -0.9529395 6.7933908 0.0567957 -0.1818952 0.0253633 0.9813486
39337.968000 -1.6151006 -0.9581476 6.8159142 0.0602442 -0.1810097 0.0247491 0.9813224
39338.062000 -1.6229435 -0.9592763 6.8369489 0.0623693 -0.1803413 0.0247169 0.9813135
39338.531000 -1.6726961 -0.9740210 6.9666553 0.0563944 -0.1973391 0.0227566 0.9784473
39338.687000 -1.6876265 -0.9756954 7.0000057 0.0558219 -0.2084551 0.0162064 0.9763031
39338.781000 -1.6914037 -0.9790130 7.0160074 0.0538716 -0.2159500 0.0132038 0.9748277
39338.859000 -1.6974933 -0.9777985 7.0389919 0.0544905 -0.2196535 0.0113321 0.9739891
39338.937000 -1.7045763 -0.9846799 7.0794888 0.0640746 -0.2274792 0.0116344 0.9716030
39339.015000 -1.7099330 -0.9907253 7.1022167 0.0615375 -0.2284263 0.0116912 0.9715441
39339.078000 -1.7107235 -0.9972028 7.1247802 0.0603348 -0.2298439 0.0140777 0.9712535
39339.171000 -1.7111874 -1.0015516 7.1462922 0.0583264 -0.2279643 0.0155538 0.9717965
39339.250000 -1.7140687 -1.0094838 7.1674666 0.0629341 -0.2274477 0.0183511 0.9715812
39339.328000 -1.7004354 -1.0027182 7.1701789 0.0674497 -0.2309174 0.0186722 0.9704530
39339.578000 -1.7220345 -1.0182379 7.2534204 0.0666459 -0.2356075 0.0203905 0.9693460
39339.671000 -1.7222561 -1.0208677 7.2704878 0.0636273 -0.2368933 0.0186460 0.9692706
39339.765000 -1.7299740 -1.0205070 7.3012791 0.0685747 -0.2393076 0.0197519 0.9683177
39339.843000 -1.7283335 -1.0233184 7.3141437 0.0655425 -0.2405775 0.0183125 0.9682414
39340.015000 -1.7301743 -1.0258255 7.3517523 0.0690212 -0.2444341 0.0120285 0.9671315
39340.093000 -1.7315631 -1.0270960 7.3602052 0.0686848 -0.2452552 0.0106440 0.9669638
39340.187000 -1.7327565 -1.0282637 7.3725677 0.0681501 -0.2492077 0.0111195 0.9659852
39340.265000 -1.7379777 -1.0318894 7.3858194 0.0651407 -0.2528839 0.0094909 0.9652545
39340.343000 -1.7462902 -1.0345290 7.4111028 0.0595519 -0.2573586 0.0081833 0.9644445
39340.421000 -1.7506081 -1.0344870 7.4255829 0.0594662 -0.2576178 0.0076830 0.9643847
39340.515000 -1.7535150 -1.0372715 7.4408197 0.0580838 -0.2568803 0.0081747 0.9646616
39340.687000 -1.7698855 -1.0328809 7.4977312 0.0620213 -0.2545008 0.0126340 0.9649990
39340.765000 -1.7762089 -1.0384187 7.5185122 0.0655861 -0.2497287 0.0112379 0.9660268
39340.953000 -1.7949672 -1.0533023 7.5791254 0.0659488 -0.2452529 0.0135119 0.9671190
39341.125000 -1.8186131 -1.0713737 7.6360688 0.0735870 -0.2449977 0.0121773 0.9666503
39341.375000 -1.8378268 -1.0782771 7.6902165 0.0849341 -0.2419923 0.0205240 0.9663357
39341.546000 -1.8568664 -1.0873733 7.7414122 0.0807882 -0.2323986 0.0240390 0.9689615
39341.703000 -1.8633707 -1.0854350 7.7696176 0.0727666 -0.2271036 0.0317076 0.9706305
39341.859000 -1.8692007 -1.0824344 7.7974443 0.0711481 -0.2181824 0.0335837 0.9727315
39342.015000 -1.8734483 -1.0832373 7.8424854 0.0641671 -0.2164679 0.0368728 0.9734807
39342.343000 -1.8821570 -1.0871260 7.9444942 0.0668606 -0.2207269 0.0392834 0.9722480
39342.500000 -1.8925945 -1.1013070 7.9905043 0.0663857 -0.2136638 0.0351666 0.9740144
39342.671000 -1.8934025 -1.1206334 8.0552092 0.0735270 -0.2090646 0.0353843 0.9744915
39342.921000 -1.9029366 -1.1366382 8.1183786 0.0737274 -0.2036455 0.0349659 0.9756383
39343.078000 -1.9263525 -1.1332607 8.1801500 0.0609027 -0.2101057 0.0337095 0.9751975
39343.406000 -1.9634304 -1.1371632 8.2502270 0.0564662 -0.2274434 0.0266129 0.9717885
39343.484000 -1.9693657 -1.1404827 8.2668419 0.0453617 -0.2262368 0.0186968 0.9728359
39343.734000 -2.0042975 -1.1415141 8.3436842 0.0522630 -0.2160036 0.0138077 0.9748951
39343.812000 -2.0100317 -1.1444467 8.3605967 0.0528184 -0.2089159 0.0163539 0.9763693
39343.890000 -2.0176020 -1.1499342 8.3815355 0.0644082 -0.2048520 0.0215691 0.9764333
39344.046000 -2.0352843 -1.1577537 8.4214191 0.0667306 -0.2007746 0.0292291 0.9769249
39344.218000 -2.0568860 -1.1755979 8.4747896 0.0639845 -0.1967874 0.0364939 0.9776753
39344.390000 -2.0862939 -1.1765397 8.5078430 0.0712299 -0.1957452 0.0372922 0.9773533
39344.484000 -2.1121247 -1.1748453 8.5397587 0.0618190 -0.1976417 0.0336359 0.9777448
39344.640000 -2.1335442 -1.1764213 8.5628157 0.0611828 -0.1956441 0.0330028 0.9782080
39344.734000 -2.1384809 -1.1771294 8.5750456 0.0617335 -0.1992092 0.0373574 0.9772968
39344.812000 -2.1520722 -1.1836314 8.5972452 0.0643262 -0.2023426 0.0355895 0.9765516
39344.890000 -2.1601338 -1.1842612 8.6103888 0.0597959 -0.2011597 0.0330994 0.9771713
39345.062000 -2.1685596 -1.1827052 8.6428518 0.0508197 -0.2013215 0.0318330 0.9776880
39345.218000 -2.1795342 -1.1880666 8.7013311 0.0533876 -0.2007357 0.0364954 0.9775086
39345.296000 -2.1855986 -1.1931977 8.7224073 0.0530971 -0.2012674 0.0361751 0.9774270
39345.390000 -2.1883709 -1.1974674 8.7427759 0.0543190 -0.2000971 0.0407916 0.9774184
39345.468000 -2.1933157 -1.2051537 8.7612915 0.0626184 -0.2011572 0.0442848 0.9765519
39345.546000 -2.2003968 -1.2135196 8.8075972 0.0602245 -0.1987874 0.0410064 0.9773306
39345.640000 -2.2038500 -1.2233713 8.8291893 0.0614521 -0.1983685 0.0403098 0.9773683
39345.718000 -2.2096601 -1.2278124 8.8492184 0.0642299 -0.1975266 0.0417593 0.9772993
39345.812000 -2.2098954 -1.2382572 8.8754940 0.0660496 -0.1988577 0.0428128 0.9768624
39345.906000 -2.2300553 -1.2400111 8.9071140 0.0633582 -0.1991439 0.0385902 0.9771582
39346.000000 -2.2337954 -1.2398219 8.9240828 0.0646560 -0.2016554 0.0377317 0.9765916
39346.078000 -2.2457161 -1.2351401 8.9554892 0.0627479 -0.2054013 0.0327783 0.9761140
39346.156000 -2.2493811 -1.2321174 8.9693632 0.0590694 -0.2143566 0.0340805 0.9743719
39346.234000 -2.2538831 -1.2340842 8.9862680 0.0428418 -0.2170320 0.0335260 0.9746475
39346.312000 -2.2575376 -1.2310523 8.9948997 0.0413129 -0.2161463 0.0332538 0.9749196
39346.390000 -2.2674739 -1.2338976 9.0109844 0.0461218 -0.2183114 0.0308271 0.9743011
39346.484000 -2.2681780 -1.2360090 9.0257502 0.0439472 -0.2178563 0.0269413 0.9746187
39346.562000 -2.2712083 -1.2352874 9.0331850 0.0466778 -0.2190599 0.0270311 0.9742193
39346.656000 -2.2751040 -1.2372704 9.0411263 0.0473335 -0.2180586 0.0252145 0.9744610
39346.734000 -2.2844768 -1.2387755 9.0659409 0.0456219 -0.2165782 0.0238542 0.9749069
39346.828000 -2.2893512 -1.2388091 9.0793934 0.0446599 -0.2143064 0.0237757 0.9754553
39346.906000 -2.2947297 -1.2400738 9.1004925 0.0420191 -0.2143926 0.0240514 0.9755469
39347.000000 -2.3013654 -1.2432941 9.1137447 0.0460643 -0.2105026 0.0239461 0.9762138
39347.093000 -2.3064568 -1.2539283 9.1479597 0.0562990 -0.2101008 0.0250639 0.9757356
39347.171000 -2.3144414 -1.2582051 9.1678762 0.0586597 -0.2074332 0.0235901 0.9762039
39347.265000 -2.3236420 -1.2653930 9.1883345 0.0630734 -0.2062804 0.0215129 0.9762210
39347.343000 -2.3433452 -1.2670287 9.2281332 0.0660046 -0.2039276 0.0248816 0.9764414
39347.453000 -2.3493226 -1.2738769 9.2474470 0.0555676 -0.2046238 0.0274226 0.9768774
39347.531000 -2.3616996 -1.2768546 9.2664280 0.0550800 -0.1994715 0.0252064 0.9780297
39347.609000 -2.3683536 -1.2812223 9.2817631 0.0615744 -0.1986293 0.0248347 0.9778233
39347.703000 -2.3881462 -1.2889755 9.3108559 0.0692553 -0.1953737 0.0244176 0.9779758
39347.796000 -2.3982084 -1.2939141 9.3238115 0.0743144 -0.1944052 0.0247771 0.9777884
39347.875000 -2.4075892 -1.2977768 9.3374100 0.0764290 -0.1944052 0.0249441 0.9776211
39347.953000 -2.4283578 -1.3016200 9.3655052 0.0810851 -0.1949161 0.0243368 0.9771595
39348.046000 -2.4341233 -1.3058479 9.3714008 0.0809040 -0.1980670 0.0249102 0.9765263
39348.125000 -2.4431527 -1.3069876 9.3833752 0.0806152 -0.1983284 0.0251148 0.9764919
39348.218000 -2.4513016 -1.3091418 9.3945522 0.0810065 -0.2019570 0.0265934 0.9756762
39348.296000 -2.4643104 -1.3107497 9.4126635 0.0719164 -0.2072520 0.0214431 0.9754050
39348.375000 -2.4698749 -1.3092829 9.4218512 0.0726039 -0.2111195 0.0207589 0.9745390
39348.453000 -2.4789667 -1.3127759 9.4313250 0.0699437 -0.2137434 0.0195436 0.9741867
39348.531000 -2.4843035 -1.3085390 9.4442511 0.0685303 -0.2153869 0.0197210 0.9739216
39348.625000 -2.4971213 -1.3115606 9.4728422 0.0705403 -0.2190216 0.0198636 0.9729640
39348.703000 -2.5032613 -1.3104222 9.4903421 0.0685171 -0.2200598 0.0183571 0.9729040
39348.796000 -2.5118589 -1.3115991 9.5087214 0.0728069 -0.2215112 0.0178369 0.9722725
39348.875000 -2.5213752 -1.3178705 9.5297518 0.0734375 -0.2212651 0.0219994 0.9721959
39348.968000 -2.5340431 -1.3255728 9.5696220 0.0797635 -0.2227884 0.0341663 0.9709973
39349.046000 -2.5449691 -1.3287251 9.5908289 0.0791731 -0.2238043 0.0360584 0.9707435
39349.140000 -2.5537097 -1.3342083 9.6139174 0.0742598 -0.2227215 0.0350878 0.9714162
39349.234000 -2.5694129 -1.3439730 9.6531763 0.0835604 -0.2221270 0.0410552 0.9705626
39349.343000 -2.5797505 -1.3483534 9.6691036 0.0855349 -0.2214056 0.0398090 0.9706073
39349.437000 -2.6023827 -1.3552952 9.7096491 0.0794247 -0.2225612 0.0308496 0.9711882
39349.515000 -2.6094716 -1.3520384 9.7293129 0.0745835 -0.2246464 0.0303424 0.9711080
39349.687000 -2.6280937 -1.3534580 9.7650967 0.0690683 -0.2312251 0.0317297 0.9699267
39349.765000 -2.6325097 -1.3523887 9.7770996 0.0594105 -0.2328462 0.0314507 0.9701875
39349.859000 -2.6378243 -1.3516996 9.7871561 0.0642405 -0.2337658 0.0305979 0.9696858
39349.953000 -2.6387944 -1.3539284 9.7957945 0.0668276 -0.2362497 0.0289418 0.9689595
39350.031000 -2.6449783 -1.3526901 9.8140049 0.0609351 -0.2368092 0.0266489 0.9692771
39350.109000 -2.6478789 -1.3559914 9.8233175 0.0661414 -0.2417578 0.0296246 0.9676265
39350.203000 -2.6576018 -1.3582432 9.8383017 0.0585876 -0.2401174 0.0268897 0.9686011
39350.265000 -2.6587384 -1.3582587 9.8502808 0.0533539 -0.2404600 0.0240499 0.9688932
39350.343000 -2.6646039 -1.3615075 9.8626633 0.0570039 -0.2396991 0.0219733 0.9689232
39350.421000 -2.6686947 -1.3655759 9.8899269 0.0585686 -0.2351761 0.0182258 0.9700153
39350.578000 -2.6790276 -1.3744357 9.9241905 0.0668855 -0.2353306 0.0182889 0.9694387
39350.671000 -2.6850762 -1.3760364 9.9418373 0.0652063 -0.2337664 0.0159960 0.9699720
39350.750000 -2.6958637 -1.3835413 9.9605789 0.0698892 -0.2338548 0.0159303 0.9696255
39350.828000 -2.7068319 -1.3874543 9.9948654 0.0788155 -0.2312576 0.0145949 0.9695850
39350.906000 -2.7157507 -1.3961269 10.0146589 0.0829710 -0.2300549 0.0132381 0.9695439
39350.984000 -2.7259417 -1.4027857 10.0372000 0.0871717 -0.2281716 0.0097935 0.9696612
39351.171000 -2.7504940 -1.4220402 10.0921764 0.0952893 -0.2179222 0.0203506 0.9710900
39351.437000 -2.7856953 -1.4285631 10.1498384 0.0961756 -0.2162772 0.0267809 0.9712143
39351.703000 -2.7739046 -1.4691229 10.1476889 0.0885935 -0.2265155 0.0308471 0.9694795
39351.796000 -2.8211901 -1.4333010 10.1964016 0.0907454 -0.2258128 0.0295222 0.9694856
39351.890000 -2.8237863 -1.4293995 10.2023830 0.0940859 -0.2295887 0.0337462 0.9681416
39352.078000 -2.8397338 -1.4370536 10.2422228 0.0821553 -0.2343285 0.0252077 0.9683518
39352.156000 -2.8450773 -1.4344212 10.2646008 0.0828244 -0.2366991 0.0281739 0.9676362
39352.312000 -2.8517570 -1.4374092 10.2953882 0.0889605 -0.2420176 0.0335977 0.9656007
39352.484000 -2.8679500 -1.4454668 10.3422489 0.0902674 -0.2442100 0.0366913 0.9648145
39352.671000 -2.8777442 -1.4499751 10.3731632 0.0957141 -0.2487988 0.0383273 0.9630519
39352.765000 -2.8929615 -1.4596101 10.4137840 0.0875813 -0.2495894 0.0305439 0.9638993
39353.109000 -2.9181581 -1.4782333 10.5025845 0.0880503 -0.2489349 0.0248754 0.9641887
39353.296000 -2.9331021 -1.4852810 10.5566540 0.0808910 -0.2507787 0.0183513 0.9644843
39353.390000 -2.9434667 -1.4841591 10.5695944 0.0900712 -0.2510887 0.0228966 0.9634923
39353.484000 -2.9442174 -1.4863696 10.5811605 0.0943252 -0.2543650 0.0241074 0.9621955
39353.562000 -2.9533553 -1.4856362 10.6023378 0.0779602 -0.2644890 0.0236967 0.9609403
39353.671000 -2.9639177 -1.4835510 10.6134186 0.0755964 -0.2690357 0.0245164 0.9598458
39353.750000 -2.9535520 -1.4680226 10.6133070 0.0723476 -0.2735772 0.0205606 0.9589049
39353.906000 -2.9951038 -1.4847008 10.6720390 0.0666499 -0.2741227 0.0184237 0.9592054
39354.171000 -3.0259097 -1.4935170 10.7440147 0.0828109 -0.2548351 0.0303926 0.9629526
39354.265000 -3.0344410 -1.4986527 10.7656813 0.0815503 -0.2514843 0.0345943 0.9637990
39354.421000 -3.0594020 -1.5145425 10.8135738 0.0882451 -0.2481457 0.0289672 0.9642600
39355.843000 -3.2199106 -1.5497768 11.0625153 0.0831888 -0.2699820 0.0169519 0.9591152
39356.093000 -3.2392097 -1.5628490 11.1270218 0.0901257 -0.2795603 0.0173586 0.9557312
39356.359000 -3.2541263 -1.5796797 11.1833181 0.0982229 -0.2816282 0.0216593 0.9542373
39356.812000 -3.2883956 -1.6061330 11.3016310 0.0901424 -0.2869902 0.0219493 0.9534303
39357.187000 -3.3070843 -1.6160395 11.3827372 0.0953361 -0.2719289 0.0310348 0.9570802
39357.640000 -3.3280382 -1.6151454 11.4595823 0.0743722 -0.2562833 0.0258654 0.9633892
39358.093000 -3.3825607 -1.6215754 11.5517025 0.0697600 -0.2563660 0.0215043 0.9638193
39358.421000 -3.4320323 -1.6415262 11.6512222 0.0638569 -0.2446159 0.0186678 0.9673349
39358.796000 -3.4853661 -1.6657665 11.7559776 0.0763897 -0.2378865 0.0215375 0.9680448
39359.031000 -3.5231400 -1.6769202 11.8201046 0.0828442 -0.2289214 0.0278064 0.9695147
39360.000000 -3.5913923 -1.6854963 12.0212984 0.0488213 -0.2399102 0.0243922 0.9692598
39360.312000 -3.6066527 -1.7079905 12.0906000 0.0624512 -0.2365110 0.0306532 0.9691350
39360.671000 -3.6324470 -1.7383848 12.1799631 0.0757644 -0.2292816 0.0264565 0.9700463
39360.843000 -3.6416335 -1.7381862 12.2148581 0.0742552 -0.2295260 0.0275672 0.9700742
39361.187000 -3.6834381 -1.7290137 12.2991333 0.0575359 -0.2387935 0.0228003 0.9690962
39361.703000 -3.7523541 -1.7330796 12.4128618 0.0459125 -0.2460698 0.0124446 0.9680841
39361.906000 -3.7913415 -1.7462494 12.4819536 0.0547299 -0.2340639 0.0114464 0.9706120
39361.984000 -3.7871153 -1.7551780 12.4922085 0.0554351 -0.2320043 0.0145760 0.9710245
39362.171000 -3.8034635 -1.7675216 12.5273094 0.0567074 -0.2262995 0.0138640 0.9723068
39362.328000 -3.8393354 -1.7757368 12.5810909 0.0669600 -0.2229934 0.0114744 0.9724498
39362.562000 -3.8740087 -1.7910141 12.6473980 0.0714003 -0.2170002 0.0224666 0.9732976
39362.765000 -3.8945298 -1.7971675 12.6785965 0.0763693 -0.2171872 0.0224899 0.9728780
39362.921000 -3.9214849 -1.8009343 12.7197676 0.0735161 -0.2142235 0.0303208 0.9735422
39363.015000 -3.9290199 -1.8017968 12.7290239 0.0738485 -0.2163649 0.0318554 0.9729943
39363.171000 -3.9537969 -1.8024840 12.7654161 0.0656487 -0.2263978 0.0278712 0.9714203
39363.437000 -3.9738626 -1.7975038 12.8194180 0.0605960 -0.2379740 0.0241021 0.9690798
39363.796000 -4.0036497 -1.8207395 12.9056044 0.0766880 -0.2465456 0.0336723 0.9655052
39363.984000 -4.0199785 -1.8343303 12.9619551 0.0716943 -0.2457771 0.0387069 0.9658961
39364.062000 -4.0232258 -1.8373736 12.9793386 0.0716585 -0.2439928 0.0397486 0.9663088
39364.250000 -4.0378990 -1.8506054 13.0325108 0.0679528 -0.2415207 0.0410685 0.9671420
39364.343000 -4.0441518 -1.8544052 13.0471525 0.0674567 -0.2402131 0.0416524 0.9674773
39364.437000 -4.0526371 -1.8599303 13.0796824 0.0637444 -0.2400828 0.0382802 0.9679006
39364.625000 -4.0588107 -1.8632104 13.1078405 0.0641221 -0.2398438 0.0366760 0.9679970
39364.734000 -4.0741286 -1.8632530 13.1397152 0.0639700 -0.2418839 0.0315038 0.9676815
39364.812000 -4.0753207 -1.8642868 13.1526470 0.0683941 -0.2455426 0.0306588 0.9664839
39364.890000 -4.0832076 -1.8668643 13.1648340 0.0672811 -0.2471278 0.0298496 0.9661832
39364.984000 -4.0883493 -1.8663697 13.1799355 0.0589917 -0.2523837 0.0293866 0.9653802
39365.078000 -4.0927520 -1.8606551 13.1876326 0.0570622 -0.2534358 0.0320774 0.9651349
39365.156000 -4.1012821 -1.8636070 13.1993465 0.0549001 -0.2548197 0.0339774 0.9648308
39365.250000 -4.1047239 -1.8593726 13.2157822 0.0503791 -0.2574335 0.0347932 0.9643544
39365.437000 -4.1258287 -1.8617308 13.2536974 0.0527232 -0.2602553 0.0362132 0.9634189
39365.609000 -4.1376863 -1.8677301 13.2774420 0.0538133 -0.2601807 0.0351991 0.9634165
39365.703000 -4.1508036 -1.8736668 13.3101244 0.0598243 -0.2621639 0.0365357 0.9624740
39365.781000 -4.1603365 -1.8773639 13.3270931 0.0564082 -0.2624636 0.0316998 0.9627700
39365.875000 -4.1751370 -1.8794949 13.3476763 0.0545374 -0.2609602 0.0300076 0.9633406
39365.953000 -4.1847806 -1.8819864 13.3649902 0.0531866 -0.2613215 0.0287359 0.9633569
39366.031000 -4.2075014 -1.8872113 13.4040279 0.0435816 -0.2589154 0.0274770 0.9645250
39366.109000 -4.2116871 -1.8914242 13.4239283 0.0430116 -0.2572899 0.0250824 0.9650507
39366.187000 -4.2225842 -1.8917588 13.4405136 0.0400747 -0.2544353 0.0244865 0.9659488
39366.281000 -4.2308025 -1.8931507 13.4578619 0.0360413 -0.2517610 0.0237288 0.9668270
39366.359000 -4.2399707 -1.9003874 13.4889812 0.0306145 -0.2439619 0.0313864 0.9687932
39366.453000 -4.2474804 -1.9011354 13.5075760 0.0278267 -0.2371162 0.0331078 0.9705182
39366.531000 -4.2539034 -1.8994114 13.5197906 0.0316563 -0.2315967 0.0354016 0.9716520
39366.625000 -4.2556381 -1.9046024 13.5314121 0.0368636 -0.2276764 0.0350823 0.9724061
39366.718000 -4.2667208 -1.9056146 13.5553856 0.0393402 -0.2173288 0.0351217 0.9746727
39366.796000 -4.2720690 -1.9086202 13.5688047 0.0404266 -0.2119756 0.0342636 0.9758371
39366.890000 -4.2772083 -1.9079020 13.5814486 0.0422395 -0.2090986 0.0329223 0.9764270
39366.984000 -4.2820215 -1.9114864 13.5982380 0.0421329 -0.2046829 0.0331198 0.9773601
39367.078000 -4.2865067 -1.9105620 13.6072350 0.0465437 -0.2074652 0.0367480 0.9764433
39367.171000 -4.2920337 -1.9113106 13.6157837 0.0435891 -0.2079785 0.0359241 0.9765011
39367.265000 -4.2979269 -1.9156871 13.6330271 0.0418867 -0.2093475 0.0315205 0.9764352
39367.375000 -4.2990918 -1.9146022 13.6436577 0.0366976 -0.2103316 0.0320714 0.9764145
39367.468000 -4.3038745 -1.9153928 13.6658182 0.0392206 -0.2133359 0.0315957 0.9756799
39367.562000 -4.3094368 -1.9157174 13.6795416 0.0368595 -0.2152560 0.0291058 0.9754277
39367.656000 -4.3183255 -1.9150778 13.7136822 0.0337621 -0.2162946 0.0254689 0.9754118
39367.734000 -4.3192148 -1.9137923 13.7348375 0.0343091 -0.2168586 0.0264183 0.9752422
39367.828000 -4.3205919 -1.9172821 13.7541809 0.0367913 -0.2158371 0.0261223 0.9753863
39367.921000 -4.3238850 -1.9245051 13.7997656 0.0299576 -0.2120666 0.0276857 0.9764035
39368.000000 -4.3238378 -1.9247129 13.8171749 0.0292219 -0.2102974 0.0325116 0.9766597
39368.203000 -4.3276558 -1.9450722 13.8795643 0.0320376 -0.2015171 0.0314237 0.9784564
39368.312000 -4.3274040 -1.9508659 13.9222956 0.0385820 -0.1943697 0.0353318 0.9795323
39368.390000 -4.3296471 -1.9561983 13.9432526 0.0360191 -0.1934530 0.0313792 0.9799459
39368.484000 -4.3377447 -1.9582406 13.9648724 0.0322911 -0.1911908 0.0257508 0.9806836
39368.578000 -4.3474083 -1.9576290 13.9995766 0.0416972 -0.1982148 0.0210405 0.9790452
39368.687000 -4.3584466 -1.9499648 14.0167313 0.0366759 -0.2033685 0.0145651 0.9783067
39368.781000 -4.3677454 -1.9538537 14.0431929 0.0218668 -0.2154511 0.0134335 0.9761773
39368.859000 -4.3764663 -1.9535556 14.0553093 0.0301282 -0.2225963 0.0160707 0.9743125
39368.953000 -4.3845143 -1.9554795 14.0754309 0.0287300 -0.2294828 0.0111852 0.9728243
39369.062000 -4.4077134 -1.9537563 14.1101475 0.0172895 -0.2353276 0.0002437 0.9717623
39369.234000 -4.4336648 -1.9605677 14.1623821 0.0243379 -0.2304946 0.0101096 0.9727167
39369.312000 -4.4427562 -1.9682496 14.1831274 0.0241158 -0.2266200 0.0113268 0.9736187
39369.500000 -4.4810443 -1.9886471 14.2457886 0.0312932 -0.2146485 0.0135715 0.9760956
39369.578000 -4.4954691 -1.9910920 14.2654991 0.0375159 -0.2114607 0.0134945 0.9765730
39369.671000 -4.5108833 -2.0007641 14.2870226 0.0402738 -0.2132912 0.0144252 0.9760517
39369.750000 -4.5239224 -2.0090826 14.3053303 0.0421087 -0.2115972 0.0115785 0.9763808
39369.828000 -4.5545669 -2.0151021 14.3390112 0.0467594 -0.2061684 0.0083586 0.9773629
39369.921000 -4.5672655 -2.0223756 14.3604946 0.0430925 -0.2061019 0.0118697 0.9775092
39370.000000 -4.5766478 -2.0214951 14.3753567 0.0465561 -0.2058886 0.0155753 0.9773433
39370.093000 -4.5934033 -2.0210507 14.3947306 0.0438387 -0.2030150 0.0147915 0.9780819
39370.187000 -4.6246157 -2.0269682 14.4280844 0.0337568 -0.1989322 0.0111300 0.9793685
39370.437000 -4.6643176 -2.0293789 14.4769678 0.0365931 -0.1981561 0.0219248 0.9792418
39370.687000 -4.6913753 -2.0373297 14.5051384 0.0382839 -0.1984407 0.0141180 0.9792631
39370.781000 -4.7038927 -2.0355601 14.5340872 0.0391216 -0.2038099 0.0160714 0.9780965
39370.859000 -4.7118464 -2.0359123 14.5516195 0.0347518 -0.2062484 0.0171568 0.9777319
39370.968000 -4.7208686 -2.0378525 14.5689926 0.0355589 -0.2095844 0.0160111 0.9770126
39371.062000 -4.7422714 -2.0402546 14.6114902 0.0279227 -0.2182018 0.0090110 0.9754626
39371.156000 -4.7534919 -2.0431378 14.6350975 0.0238687 -0.2174307 0.0080340 0.9757509
39371.250000 -4.7749729 -2.0594296 14.6790905 0.0358692 -0.2204536 0.0213369 0.9745042
39371.343000 -4.7891808 -2.0640607 14.7039175 0.0311224 -0.2189628 0.0192009 0.9750477
39371.421000 -4.8011570 -2.0686691 14.7287655 0.0321436 -0.2186493 0.0202715 0.9750633
39371.531000 -4.8166223 -2.0842590 14.7693996 0.0369623 -0.2184153 0.0245750 0.9748460
39371.625000 -4.8264933 -2.0855083 14.7879019 0.0444224 -0.2156593 0.0211369 0.9752287
39371.718000 -4.8449516 -2.0849340 14.8262749 0.0330190 -0.2202961 0.0201575 0.9746656
39371.812000 -4.8500609 -2.0869648 14.8381634 0.0383342 -0.2283055 0.0294539 0.9723886
39371.921000 -4.8590250 -2.0892515 14.8471928 0.0396365 -0.2277825 0.0277985 0.9725078
39372.000000 -4.8716063 -2.0927637 14.8730564 0.0382626 -0.2290583 0.0224055 0.9724023
39372.109000 -4.8791394 -2.0941622 14.8875084 0.0357826 -0.2295498 0.0230468 0.9723659
39372.187000 -4.8903418 -2.0957074 14.9083958 0.0339102 -0.2302136 0.0199853 0.9723438
39372.296000 -4.8983531 -2.0965848 14.9225121 0.0312052 -0.2294430 0.0184275 0.9726472
39372.375000 -4.9138265 -2.0979977 14.9529839 0.0300494 -0.2281920 0.0160635 0.9730198
39372.453000 -4.9209218 -2.0972059 14.9716263 0.0287904 -0.2235958 0.0128367 0.9741721
39372.546000 -4.9305520 -2.0980988 14.9861746 0.0221497 -0.2222852 0.0146990 0.9746192
39372.625000 -4.9372787 -2.1025562 15.0085926 0.0282215 -0.2174883 0.0153099 0.9755347
39372.796000 -4.9654055 -2.1127806 15.0633307 0.0306812 -0.2145610 0.0181092 0.9760606
39372.890000 -4.9748216 -2.1167290 15.0796928 0.0321659 -0.2082278 0.0156180 0.9774265
39372.984000 -4.9934344 -2.1262765 15.1218758 0.0230961 -0.2077779 0.0288510 0.9774777
39373.062000 -5.0039206 -2.1313605 15.1400146 0.0297197 -0.2034544 0.0294866 0.9781889
39373.171000 -5.0120511 -2.1370957 15.1579189 0.0341860 -0.2014235 0.0308311 0.9784219
39373.250000 -5.0371304 -2.1455369 15.1946039 0.0262149 -0.1978426 0.0281786 0.9794779
39373.359000 -5.0493126 -2.1450024 15.2093325 0.0316855 -0.1958932 0.0273124 0.9797326
39373.453000 -5.0713892 -2.1481164 15.2459126 0.0276829 -0.1963527 0.0244364 0.9798378
39373.562000 -5.0827031 -2.1456945 15.2584524 0.0260945 -0.1980807 0.0215726 0.9796008
39373.656000 -5.1077991 -2.1454208 15.2851105 0.0220142 -0.1978886 0.0187492 0.9797980
39373.750000 -5.1155701 -2.1478188 15.2992897 0.0214167 -0.2002901 0.0192561 0.9793133
39373.859000 -5.1336641 -2.1471651 15.3213787 0.0156580 -0.2106574 0.0185586 0.9772583
39373.968000 -5.1426740 -2.1494353 15.3301897 0.0160346 -0.2159093 0.0189716 0.9760974
39374.046000 -5.1553974 -2.1518857 15.3527145 0.0166172 -0.2273174 0.0198348 0.9734769
39374.140000 -5.1618519 -2.1534593 15.3658466 0.0164660 -0.2318108 0.0207550 0.9724001
39374.250000 -5.1752830 -2.1550088 15.3929157 0.0148055 -0.2368549 0.0186697 0.9712528
39374.343000 -5.1823177 -2.1567287 15.4084072 0.0159657 -0.2367228 0.0177735 0.9712834
39374.437000 -5.1867628 -2.1576943 15.4244070 0.0235845 -0.2393337 0.0186288 0.9704722
39374.531000 -5.2073736 -2.1643686 15.4645195 0.0239117 -0.2465465 0.0184088 0.9686611
39374.625000 -5.2146378 -2.1713903 15.4840326 0.0184742 -0.2448456 0.0184089 0.9692112
39374.703000 -5.2322025 -2.1803119 15.5215702 0.0224899 -0.2500361 0.0216055 0.9677342
39374.796000 -5.2414522 -2.1849105 15.5392475 0.0236522 -0.2543592 0.0233063 0.9665396
39374.875000 -5.2513070 -2.1944118 15.5578232 0.0241211 -0.2585537 0.0197493 0.9654937
39374.968000 -5.2706428 -2.2082324 15.5962315 0.0267320 -0.2638440 0.0227439 0.9639266
39375.062000 -5.2795701 -2.2146685 15.6134014 0.0324752 -0.2680967 0.0275947 0.9624490
39375.156000 -5.2932720 -2.2214761 15.6316481 0.0317493 -0.2716103 0.0241378 0.9615806
39375.234000 -5.3114810 -2.2223382 15.6576700 0.0374683 -0.2823619 0.0226541 0.9583083
39375.500000 -5.3531246 -2.2198565 15.6993580 0.0314170 -0.3075908 0.0167633 0.9508522
39375.593000 -5.3629074 -2.2218540 15.7057314 0.0273927 -0.3105656 0.0094502 0.9501103
39375.781000 -5.3819895 -2.2212212 15.7414742 0.0222380 -0.3162919 0.0065911 0.9483783
39376.031000 -5.4143066 -2.2240167 15.8031616 0.0223250 -0.3073631 0.0053180 0.9513156
39376.218000 -5.4375696 -2.2307372 15.8448219 0.0201971 -0.2994303 0.0032389 0.9538989
39376.312000 -5.4568734 -2.2368178 15.8817253 0.0226647 -0.2988887 0.0101414 0.9539649
39376.484000 -5.4783835 -2.2456019 15.9184427 0.0372873 -0.2929950 0.0131163 0.9552966
39376.562000 -5.4970589 -2.2570696 15.9538918 0.0288700 -0.2922759 0.0247876 0.9555767
39376.734000 -5.5220785 -2.2682581 15.9863472 0.0340992 -0.2888728 0.0209576 0.9565305
39376.906000 -5.5551848 -2.2754345 16.0344620 0.0315584 -0.2771816 0.0278459 0.9598954
39377.093000 -5.5904379 -2.2830579 16.0746670 0.0305648 -0.2635738 0.0293206 0.9637090
39377.187000 -5.6013780 -2.2840707 16.0879593 0.0339374 -0.2608156 0.0317511 0.9642693
39377.375000 -5.6227293 -2.2877126 16.1124363 0.0283947 -0.2616998 0.0320549 0.9641989
39377.453000 -5.6395669 -2.2871618 16.1358891 0.0239362 -0.2613058 0.0300322 0.9644918
39377.640000 -5.6619749 -2.2901783 16.1645012 0.0189079 -0.2678784 0.0228087 0.9629971
39377.734000 -5.6840401 -2.2888422 16.1972771 0.0156069 -0.2718492 0.0158229 0.9620832
39377.906000 -5.7171307 -2.2942188 16.2546921 0.0177147 -0.2696947 0.0097941 0.9627331
39378.000000 -5.7224998 -2.2998772 16.2776260 0.0126309 -0.2644651 0.0135102 0.9642179
39378.078000 -5.7362576 -2.3070521 16.3010635 0.0193010 -0.2670383 0.0180534 0.9633235
39378.171000 -5.7680130 -2.3112335 16.3537140 0.0043357 -0.2569738 0.0167893 0.9662628
39378.281000 -5.7765160 -2.3189068 16.3749657 0.0088812 -0.2586592 0.0220192 0.9656768
39378.359000 -5.7885170 -2.3251767 16.3946075 0.0078602 -0.2544261 0.0193271 0.9668671
39378.453000 -5.8038278 -2.3287961 16.4314060 0.0163557 -0.2603429 0.0226381 0.9651122
39378.546000 -5.8140502 -2.3317311 16.4474258 0.0165049 -0.2617921 0.0196936 0.9647822
39378.812000 -5.8418565 -2.3400555 16.4916725 0.0205472 -0.2698427 0.0168014 0.9625386
39378.921000 -5.8533630 -2.3449960 16.5091648 0.0319983 -0.2737063 0.0137157 0.9611831
39379.203000 -5.8956699 -2.3504660 16.5583611 0.0321564 -0.2844491 0.0092508 0.9581071
39379.375000 -5.9295521 -2.3581192 16.6022949 0.0277968 -0.3007738 0.0119177 0.9532158
39379.734000 -5.9841352 -2.3719938 16.6839771 0.0315386 -0.2967590 0.0070321 0.9544056
39379.906000 -6.0191398 -2.3843772 16.7364635 0.0268408 -0.2895384 0.0058519 0.9567721
39380.171000 -6.0744057 -2.3999920 16.7976418 0.0325917 -0.2949419 0.0019706 0.9549572
39380.718000 -6.1699510 -2.4206042 16.8858700 0.0469348 -0.3022898 0.0094868 0.9520126
39381.171000 -6.2257547 -2.4256823 16.9632492 0.0480197 -0.3162526 0.0135529 0.9473620
39381.546000 -6.2830515 -2.4436982 17.0544701 0.0467917 -0.3151788 0.0236455 0.9475831
39381.828000 -6.3225217 -2.4638162 17.1247826 0.0588863 -0.3061308 0.0326887 0.9496040
39381.937000 -6.3431454 -2.4671998 17.1625347 0.0481804 -0.2999122 0.0266470 0.9523766
39382.375000 -6.3928666 -2.4752862 17.2587471 0.0459180 -0.3029489 0.0240950 0.9515949
39382.640000 -6.4168248 -2.4780169 17.3187485 0.0445908 -0.2936739 0.0223188 0.9546042
39383.015000 -6.4704809 -2.4922872 17.4113121 0.0397928 -0.2917117 0.0218515 0.9554284
39383.234000 -6.5030003 -2.5052266 17.4619808 0.0499036 -0.2902320 0.0213579 0.9554155
39383.593000 -6.5721159 -2.5267365 17.5555096 0.0499478 -0.2934354 0.0299747 0.9542025
39383.906000 -6.6201215 -2.5387235 17.6098690 0.0507066 -0.2923092 0.0312564 0.9544670
39384.234000 -6.6729507 -2.5381579 17.6764603 0.0408325 -0.2950966 0.0318577 0.9540628
39384.406000 -6.6913090 -2.5371733 17.7050285 0.0350819 -0.3040919 0.0250710 0.9516664
39384.609000 -6.7130485 -2.5310109 17.7504501 0.0313271 -0.3183452 0.0233602 0.9471691
39384.812000 -6.7341757 -2.5318370 17.8048916 0.0245069 -0.3252718 0.0264007 0.9449342
39384.890000 -6.7432241 -2.5353098 17.8242722 0.0255182 -0.3227149 0.0269408 0.9457685
39385.093000 -6.7622480 -2.5511253 17.8779774 0.0274578 -0.3196215 0.0298663 0.9466764
39385.171000 -6.7754488 -2.5651982 17.9171429 0.0320843 -0.3172589 0.0292389 0.9473450
39385.359000 -6.7932243 -2.5804701 17.9591007 0.0351713 -0.3143573 0.0293906 0.9481977
39385.781000 -6.8633108 -2.5948136 18.0767555 0.0418961 -0.3151843 0.0161190 0.9479682
39386.406000 -6.9777412 -2.5903175 18.1884956 0.0133783 -0.3161214 0.0009620 0.9486239
39386.984000 -7.1076779 -2.6358507 18.3450451 0.0254802 -0.2768144 0.0148698 0.9604704
39387.718000 -7.2371430 -2.6489282 18.4597225 0.0198070 -0.2775954 0.0160656 0.9603595
