24265.187000 0.000000000 0.000000000 0.000000000 -0.000000000 -0.000000000 -0.000000000 1.000000000
24265.265000 -0.002809464 0.000416645 0.015114438 -0.003790528 0.006572130 -0.003206810 0.999966085
24265.343000 -0.004171758 -0.003288339 0.044348884 -0.004872175 0.010055479 0.001863943 0.999935865
24265.437000 -0.006905717 -0.003605519 0.061676003 -0.007814759 0.010869311 -0.001191569 0.999909699
24265.515000 -0.009216430 -0.004033361 0.080350637 -0.011530071 0.011192980 -0.003471112 0.999864876
24265.609000 -0.014732202 -0.000109979 0.102882646 -0.014969775 0.010981085 -0.004294858 0.999818444
24265.703000 -0.023095949 -0.006518361 0.137964249 -0.016393963 0.014692036 -0.003747715 0.999750674
24265.781000 -0.029628461 -0.010880187 0.157220915 -0.014779926 0.013997526 -0.003939258 0.999785066
24265.875000 -0.040869076 -0.016286921 0.189530641 -0.006118516 0.016546629 -0.000939713 0.999843955
24265.953000 -0.045532413 -0.016368389 0.200847849 -0.003896195 0.020313319 -0.000405473 0.999786019
24266.031000 -0.047914498 -0.014943980 0.212519124 -0.004022690 0.024980802 -0.000639032 0.999679625
24266.125000 -0.053872958 -0.016586039 0.218219355 -0.001835023 0.025556067 -0.001762362 0.999670208
24266.203000 -0.062063415 -0.014862516 0.231687516 -0.006788862 0.024609294 -0.002056258 0.999671996
24266.281000 -0.065972753 -0.013681581 0.235895962 -0.007213521 0.021915635 -0.002697557 0.999730170
24266.375000 -0.069230720 -0.013244698 0.237927854 -0.007838230 0.022187950 -0.004730463 0.999711931
24266.453000 -0.072972208 -0.014541175 0.236591175 -0.007728678 0.021924950 -0.006825152 0.999706507
24266.546000 -0.076422513 -0.012600859 0.236828580 -0.007138579 0.022980981 -0.007748343 0.999680459
24266.640000 -0.077826746 -0.011433898 0.235615179 -0.007004402 0.021317193 -0.007280126 0.999721766
24266.718000 -0.080111317 -0.012349437 0.236184791 -0.008454514 0.021110130 -0.007937700 0.999709904
24266.812000 -0.087679692 -0.012505805 0.239742070 -0.005719243 0.018613491 -0.007199109 0.999784470
24266.890000 -0.088813439 -0.011569602 0.245702192 -0.004750405 0.019092048 -0.005998061 0.999788463
24267.000000 -0.092892699 -0.013773764 0.251236886 -0.001141204 0.022054981 -0.003862419 0.999748707
24267.078000 -0.096691817 -0.010025937 0.267670870 -0.001989858 0.036426935 -0.000093696 0.999334335
24267.156000 -0.098742276 -0.011842434 0.278520972 -0.007805346 0.035721179 0.000708407 0.999331057
24267.250000 -0.100155212 -0.014265605 0.291085482 -0.013711689 0.033466466 0.000326964 0.999345720
24267.328000 -0.104413383 -0.011411266 0.305138350 -0.012987987 0.030738916 -0.000849819 0.999442756
24267.437000 -0.109616190 -0.011281126 0.338103354 -0.016139098 0.022534115 -0.001375795 0.999614894
24267.531000 -0.106972948 -0.013977045 0.352381229 -0.009211482 0.017987803 0.002824167 0.999791801
24267.609000 -0.106893383 -0.018785179 0.389906943 -0.001319330 0.014479061 0.002437334 0.999891341
24267.687000 -0.103635177 -0.023505041 0.408980668 0.000734999 0.017069537 0.000763806 0.999853790
24267.781000 -0.100281209 -0.028593834 0.430446118 0.011140152 0.018506970 0.000272430 0.999766648
24267.859000 -0.096975259 -0.036465291 0.449899465 0.013135439 0.026295906 -0.002597389 0.999564528
24267.953000 -0.089434490 -0.044006959 0.490794688 0.019646252 0.027909221 -0.007288108 0.999390841
24268.046000 -0.088122055 -0.047244161 0.510505915 0.022712614 0.027504394 -0.009929097 0.999314308
24268.125000 -0.089963354 -0.051554676 0.534558177 0.016474450 0.024419287 -0.015217461 0.999450207
24268.203000 -0.094709791 -0.056859594 0.581748664 0.003727733 0.008482781 -0.017753694 0.999799490
24268.296000 -0.098407142 -0.055035993 0.605037212 0.011015140 -0.004412989 -0.018173600 0.999764442
24268.390000 -0.101894051 -0.057834759 0.630263805 0.009890291 -0.011285560 -0.018588804 0.999714613
24268.468000 -0.109668702 -0.059739269 0.681267560 0.013129628 -0.016624527 -0.017944483 0.999614537
24268.546000 -0.115237266 -0.059642565 0.711657643 0.013180880 -0.014898871 -0.018451542 0.999631882
24268.625000 -0.116875842 -0.062327117 0.738303423 0.010745202 -0.009749401 -0.018443694 0.999724627
24268.718000 -0.121794172 -0.062768273 0.767665923 0.013960551 -0.003424466 -0.020708920 0.999682188
24268.796000 -0.124215677 -0.077704810 0.836481094 0.024203256 0.003878896 -0.014551976 0.999593616
24268.906000 -0.130174875 -0.079788916 0.861363947 0.025781546 0.005762678 -0.013725352 0.999556780
24268.984000 -0.136719003 -0.081286065 0.887655854 0.025683211 0.008806156 -0.013113363 0.999545336
24269.062000 -0.148077324 -0.087094590 0.940318525 0.026909884 0.003788077 -0.011117328 0.999568880
24269.140000 -0.153949112 -0.087979153 0.963737309 0.019186961 0.001708399 -0.008493842 0.999778390
24269.218000 -0.155134797 -0.088583402 0.985599935 0.017383255 -0.003775880 -0.008573220 0.999805033
24269.312000 -0.159695894 -0.086759195 1.008161306 0.013370408 -0.007852798 -0.008608948 0.999842703
24269.390000 -0.160437256 -0.088017143 1.027161360 0.011311961 -0.011280616 -0.009151631 0.999830544
24269.468000 -0.158430979 -0.090064883 1.066999674 0.020073267 -0.008559687 -0.008861123 0.999722660
24269.546000 -0.156916395 -0.090968035 1.088138819 0.019252680 -0.007762371 -0.011324186 0.999720395
24269.625000 -0.155613601 -0.090001285 1.113864660 0.017208584 -0.007486479 -0.010680198 0.999766886
24269.703000 -0.152762786 -0.090805188 1.136165023 0.019269630 -0.005770552 -0.011954207 0.999726236
24269.796000 -0.148437068 -0.092741810 1.161505103 0.018239977 -0.004025450 -0.011273246 0.999761999
24269.890000 -0.139976621 -0.106809847 1.209643722 0.028888239 -0.003729009 -0.006815714 0.999552488
24269.968000 -0.136048034 -0.110384539 1.234202862 0.030475721 -0.003103206 -0.008256378 0.999496579
24270.062000 -0.135717243 -0.114414379 1.257912040 0.033513103 -0.010371937 -0.007632663 0.999355316
24270.140000 -0.129322574 -0.119770929 1.304305315 0.023101915 -0.006804289 -0.013506326 0.999618769
24270.234000 -0.125712156 -0.118596129 1.328457594 0.020425849 -0.004995728 -0.013212603 0.999691606
24270.312000 -0.126503751 -0.117007829 1.352275848 0.015146811 -0.003908264 -0.012414846 0.999800563
24270.390000 -0.133130297 -0.128471136 1.380716681 0.009919554 -0.000886211 -0.013606332 0.999857843
24270.484000 -0.131916270 -0.118647881 1.426322818 0.010089983 0.000359207 -0.014034687 0.999850571
24270.562000 -0.136625394 -0.120985433 1.454345226 0.011742282 0.002006997 -0.014834915 0.999818981
24270.640000 -0.141993091 -0.122949868 1.484115839 0.013493074 0.004423941 -0.014985952 0.999786913
24270.718000 -0.147469461 -0.121063679 1.515157580 0.010005177 0.006970867 -0.013946521 0.999828398
24270.812000 -0.150564924 -0.126703531 1.543312788 0.012448595 0.009729010 -0.011459272 0.999809504
24270.890000 -0.162335068 -0.139911711 1.606596589 0.015418809 0.013830365 -0.009683526 0.999738574
24270.968000 -0.169905737 -0.145210654 1.632207513 0.016762147 0.016045833 -0.010097899 0.999679744
24271.046000 -0.173476472 -0.146353126 1.662530065 0.016647791 0.021091839 -0.009551053 0.999593318
24271.125000 -0.179560840 -0.150508970 1.685738087 0.015371587 0.026341630 -0.008041412 0.999502480
24271.203000 -0.186366156 -0.152894482 1.710474730 0.013715550 0.029691406 -0.006468355 0.999444127
24271.281000 -0.195788428 -0.151910573 1.755939126 0.011961027 0.034685407 -0.002037005 0.999324620
24271.359000 -0.201248705 -0.148251384 1.779268384 0.006184848 0.036839940 -0.000222224 0.999302030
24271.437000 -0.207301527 -0.146787345 1.799589753 0.002357614 0.038075592 0.001571447 0.999270856
24271.531000 -0.213855058 -0.145925537 1.816293597 -0.000579663 0.041336931 0.001738667 0.999143600
24271.609000 -0.217376649 -0.143698558 1.832375765 -0.003250241 0.042036768 0.002054696 0.999108672
24271.687000 -0.226217389 -0.140727639 1.861166239 -0.011593916 0.046669878 -0.000161755 0.998843074
24271.781000 -0.228512332 -0.141592547 1.878234982 -0.010377227 0.045980345 0.000587642 0.998888314
24271.875000 -0.232968792 -0.142292127 1.893956423 -0.012716235 0.046001326 0.000622199 0.998860240
24271.953000 -0.237419754 -0.143883541 1.926544189 -0.009187258 0.041553877 0.000827953 0.999093652
24272.046000 -0.237825185 -0.147087798 1.943098187 -0.004937687 0.039813533 -0.000320106 0.999194860
24272.125000 -0.243074432 -0.154489622 1.959241390 -0.000101340 0.037721328 -0.000143071 0.999288321
24272.203000 -0.241047353 -0.157421067 1.981504679 0.005942337 0.036379717 0.001153536 0.999319732
24272.281000 -0.243157715 -0.161943465 2.000015736 0.010116578 0.034989100 0.001087171 0.999335945
24272.375000 -0.243912205 -0.172892779 2.044543743 0.010540009 0.030270653 -0.000787299 0.999485910
24272.453000 -0.241707727 -0.177659079 2.062503576 0.014809079 0.029587351 -0.002160069 0.999450147
24272.531000 -0.244092971 -0.180094391 2.082291603 0.016951298 0.024581252 -0.003289268 0.999548733
24272.640000 -0.249221250 -0.180546775 2.113426685 0.016754337 0.020791143 -0.006661954 0.999621332
24272.734000 -0.252150863 -0.181427345 2.126249075 0.016448248 0.014843169 -0.006835179 0.999731183
24272.812000 -0.253795713 -0.184470639 2.152576923 0.010848916 0.008586397 -0.006788617 0.999881268
24272.890000 -0.254885226 -0.182012469 2.166046143 0.010193568 0.003879360 -0.008111746 0.999907672
24272.984000 -0.256706029 -0.179926068 2.178617477 0.004510466 0.001095286 -0.008293535 0.999954879
24273.078000 -0.256792396 -0.181568369 2.191186666 -0.000981413 0.000854426 -0.006810984 0.999975979
24273.156000 -0.257414162 -0.175801083 2.220729113 -0.000557121 -0.004792920 -0.005480690 0.999973357
24273.234000 -0.256000429 -0.177913949 2.237921476 -0.006826243 -0.003985488 -0.007479244 0.999940813
24273.328000 -0.257930487 -0.179615289 2.254465342 -0.006276633 -0.004985980 -0.008310023 0.999933362
24273.406000 -0.255376607 -0.181579798 2.273006678 -0.002074368 -0.004624374 -0.007218925 0.999961078
24273.484000 -0.261058152 -0.186383888 2.315003872 0.009980586 -0.009719661 -0.006770988 0.999880075
24273.562000 -0.264366418 -0.190201417 2.339537859 0.011235226 -0.012872454 -0.004222824 0.999845147
24273.625000 -0.267455637 -0.194880173 2.358374357 0.013721988 -0.017867491 -0.001160665 0.999745548
24273.718000 -0.266475827 -0.198939055 2.379869223 0.013600587 -0.023485340 -0.001135480 0.999631047
24273.796000 -0.268994480 -0.206470981 2.400463104 0.010750688 -0.024584286 -0.002945591 0.999635637
24273.890000 -0.268855870 -0.208260342 2.429360151 0.012659957 -0.030227765 -0.004864678 0.999451101
24273.968000 -0.271328986 -0.212534711 2.444085598 0.012081251 -0.029409098 -0.005282445 0.999480486
24274.046000 -0.272142380 -0.215997845 2.455399752 0.013722555 -0.028372522 -0.006460739 0.999482393
24274.125000 -0.274059504 -0.216549814 2.464489698 0.013328587 -0.026883516 -0.006071156 0.999531329
24274.203000 -0.274727881 -0.217934623 2.476915598 0.011435517 -0.025080180 -0.004309042 0.999610782
24274.281000 -0.280279279 -0.220280677 2.501898527 0.010105955 -0.016756224 -0.009296037 0.999765337
24274.375000 -0.281454116 -0.222205549 2.513396502 0.011532301 -0.015663676 -0.010055697 0.999760270
24274.453000 -0.286879838 -0.221666321 2.523036242 0.011591331 -0.013495696 -0.010445951 0.999787152
24274.531000 -0.291361362 -0.222206026 2.535634756 0.012482529 -0.013104060 -0.009539422 0.999790728
24274.609000 -0.294738322 -0.221019953 2.546145439 0.014668971 -0.011438405 -0.009256039 0.999784172
24274.703000 -0.308571458 -0.221058503 2.564452410 0.019876869 -0.009197778 -0.010421809 0.999705851
24274.781000 -0.310476601 -0.219568223 2.575129032 0.014959758 -0.006859542 -0.006605071 0.999842823
24274.875000 -0.314739227 -0.221394673 2.584345818 0.017339759 -0.006566110 -0.003461772 0.999822140
24274.953000 -0.326586604 -0.219933882 2.605892181 0.008873377 -0.006740160 -0.004279485 0.999928772
24275.031000 -0.328906953 -0.220841169 2.614517450 0.002888995 -0.000017154 -0.010801345 0.999937534
24275.109000 -0.332104743 -0.218461841 2.624127150 0.005509422 -0.001544636 -0.010962546 0.999923587
24275.203000 -0.333570838 -0.221474051 2.635973215 0.001158391 -0.002938437 -0.012381343 0.999918401
24275.281000 -0.331814319 -0.226929829 2.665218353 -0.002327351 -0.001494234 -0.013902218 0.999899566
24275.359000 -0.331504405 -0.218700230 2.670859575 0.002298038 -0.003292908 -0.012375810 0.999915421
24275.437000 -0.325484663 -0.216744661 2.685830593 0.000133017 -0.003625711 -0.012513383 0.999915123
24275.515000 -0.322210401 -0.216988519 2.701159000 0.000348559 -0.006069790 -0.010052409 0.999931037
24275.625000 -0.320624590 -0.217556372 2.718476057 0.004698838 -0.008176376 -0.010154259 0.999903977
24275.703000 -0.313715100 -0.222995102 2.758708000 0.008046197 -0.008429269 -0.005637302 0.999916255
24275.781000 -0.310459822 -0.227990776 2.780982971 0.011670402 -0.012397857 -0.004601093 0.999844491
24275.875000 -0.308667243 -0.234437898 2.803201675 0.013299627 -0.015965022 -0.005618876 0.999768376
24275.953000 -0.302768230 -0.244958401 2.851329327 0.022164838 -0.023371043 -0.004715750 0.999469995
24276.015000 -0.296653360 -0.249505773 2.872795343 0.022579910 -0.025042500 -0.005625458 0.999415517
24276.093000 -0.292629331 -0.251398444 2.894671917 0.025359465 -0.029386453 -0.006200185 0.999227166
24276.187000 -0.287578821 -0.254468799 2.916670322 0.016863193 -0.032450210 -0.006202198 0.999311864
24276.265000 -0.284589082 -0.256972611 2.930392504 0.018771790 -0.032696217 -0.008154228 0.999255776
24276.343000 -0.285887063 -0.257339269 2.945264339 0.023373380 -0.033988040 -0.008987382 0.999108493
24276.421000 -0.277533650 -0.255668133 2.980916262 0.012409586 -0.034261573 -0.006113629 0.999317169
24276.500000 -0.276689768 -0.257735968 2.986375570 0.011815234 -0.037704766 -0.004944707 0.999206841
24276.578000 -0.276415050 -0.259844989 2.997313738 0.016366893 -0.043276098 -0.002145372 0.998926818
24276.656000 -0.277064741 -0.262838393 3.004036427 0.024789359 -0.046455692 -0.000373837 0.998612702
24276.750000 -0.278263718 -0.263924271 3.009830952 0.023747234 -0.047298722 -0.000656436 0.998598278
24276.828000 -0.277471244 -0.261852622 3.031386852 0.019260401 -0.044937499 -0.001234075 0.998803377
24276.921000 -0.277261764 -0.259335577 3.040749073 0.017091114 -0.042080738 -0.000641548 0.998967826
24277.000000 -0.277325898 -0.260501146 3.050891399 0.016383776 -0.042542491 -0.000160785 0.998960316
24277.078000 -0.281813204 -0.262788177 3.081495285 0.017671602 -0.039729811 -0.007111282 0.999028862
24277.156000 -0.281713158 -0.266082495 3.094863176 0.019697003 -0.038747925 -0.009915382 0.999005675
24277.234000 -0.282020658 -0.266589820 3.113306284 0.020631058 -0.036796514 -0.010069915 0.999059081
24277.312000 -0.282982886 -0.265287846 3.136063099 0.021149252 -0.034795251 -0.011083231 0.999109209
24277.390000 -0.283266366 -0.266007602 3.159343958 0.020995338 -0.032170646 -0.012518406 0.999183476
24277.484000 -0.285948753 -0.268375993 3.214577675 0.021815449 -0.031971235 -0.011610062 0.999183238
24277.546000 -0.288505316 -0.272870272 3.243564844 0.021415068 -0.031088620 -0.013123106 0.999201059
24277.640000 -0.292884052 -0.275195301 3.272114277 0.020517642 -0.031096289 -0.012303511 0.999230087
24277.718000 -0.294542968 -0.276073754 3.301124573 0.023516219 -0.028563729 -0.010574555 0.999259412
24277.812000 -0.299701393 -0.280766755 3.331215382 0.026548360 -0.025196277 -0.008208582 0.999296248
24277.890000 -0.304076195 -0.290828437 3.393763065 0.021677094 -0.025638504 -0.001570189 0.999435008
24277.968000 -0.307811290 -0.297259271 3.418125391 0.027043948 -0.026951175 -0.000462665 0.999270797
24278.062000 -0.309011340 -0.299937278 3.439022064 0.026427153 -0.025400518 -0.002910389 0.999323785
24278.156000 -0.314835042 -0.302923173 3.474300146 0.026547218 -0.027390964 -0.005129368 0.999259114
24278.234000 -0.318339378 -0.304900616 3.489573717 0.027941938 -0.027436377 -0.005859474 0.999215782
24278.312000 -0.320492297 -0.306465238 3.501305103 0.026260430 -0.026864776 -0.007427228 0.999266505
24278.390000 -0.324251533 -0.304432034 3.513955355 0.022944162 -0.025283348 -0.007825839 0.999386430
24278.468000 -0.326046973 -0.304504871 3.525436401 0.022802178 -0.024480831 -0.007605914 0.999411285
24278.562000 -0.327165157 -0.306038946 3.542239428 0.018903600 -0.023342408 -0.006263392 0.999529183
24278.640000 -0.327170879 -0.306149185 3.551988840 0.013028831 -0.020732084 -0.007544986 0.999671757
24278.718000 -0.326794356 -0.305232733 3.562212467 0.009399017 -0.018695125 -0.007892632 0.999749899
24278.812000 -0.327930629 -0.305027246 3.573688745 0.006202770 -0.018788708 -0.009319678 0.999760866
24278.890000 -0.327216953 -0.301103085 3.599998951 -0.000094591 -0.021078508 -0.008889188 0.999738336
24278.953000 -0.325655371 -0.300330698 3.614157677 -0.001208757 -0.023408415 -0.009315021 0.999681890
24279.046000 -0.325645834 -0.300458074 3.629542589 0.000265085 -0.027266545 -0.009725274 0.999580920
24279.140000 -0.326822579 -0.300831646 3.647049427 -0.001813165 -0.030379761 -0.010800955 0.999478459
24279.234000 -0.326105654 -0.303207785 3.685511827 -0.001512565 -0.040025070 -0.008381640 0.999162376
24279.328000 -0.326217800 -0.303769767 3.709540129 -0.002352942 -0.043400075 -0.006863064 0.999031484
24279.406000 -0.323944271 -0.303449988 3.730955124 -0.002381431 -0.045177933 -0.006524082 0.998954833
24279.484000 -0.321583152 -0.305624634 3.785633087 -0.002014724 -0.041237473 -0.002140504 0.999145091
24279.562000 -0.319511503 -0.309858531 3.810722113 0.002676351 -0.037941296 -0.001799330 0.999274790
24279.656000 -0.318333477 -0.313812464 3.842212915 0.003309829 -0.037335597 -0.000283233 0.999297261
24279.734000 -0.315893412 -0.322235644 3.869889736 -0.002242833 -0.030848464 -0.001063893 0.999521017
24279.828000 -0.316813529 -0.332893223 3.919518709 0.011014848 -0.027588159 -0.004087113 0.999550343
24279.906000 -0.321734995 -0.337335229 3.945744753 0.005208785 -0.029502561 -0.013118798 0.999465048
24280.000000 -0.323524594 -0.337411523 3.964918852 0.002297219 -0.030413954 -0.018739175 0.999359071
24280.078000 -0.324152261 -0.344170898 3.997532368 0.004002640 -0.035273738 -0.021167258 0.999145508
24280.171000 -0.323483557 -0.343446732 4.013364792 0.000388361 -0.036953714 -0.021464849 0.999086380
24280.265000 -0.321954161 -0.344592899 4.029184341 -0.004221862 -0.037731644 -0.022255272 0.999031126
24280.343000 -0.320915192 -0.341637194 4.061485291 -0.009409599 -0.037318528 -0.021330943 0.999031425
24280.437000 -0.319245577 -0.341281682 4.076949596 -0.012602660 -0.035690662 -0.020950934 0.999063790
24280.515000 -0.317445695 -0.340631247 4.093760490 -0.012961970 -0.034833275 -0.020517278 0.999098420
24280.593000 -0.316508412 -0.341786832 4.108041763 -0.014795028 -0.031349801 -0.020152174 0.999195755
24280.671000 -0.311137915 -0.345478922 4.135709763 -0.008781068 -0.025573043 -0.017166276 0.999486983
24280.765000 -0.311985999 -0.347845167 4.150065422 -0.008044360 -0.023695115 -0.015394016 0.999568343
24280.843000 -0.310701221 -0.349012345 4.166104794 -0.007649587 -0.023499135 -0.015504063 0.999574363
24280.921000 -0.311505109 -0.350749969 4.180508614 -0.008113763 -0.022153750 -0.014378734 0.999618292
24281.015000 -0.313333005 -0.353475988 4.199516296 -0.008052148 -0.020335877 -0.013387069 0.999671221
24281.093000 -0.315533906 -0.359399527 4.232217789 -0.004083309 -0.015229529 -0.012389615 0.999798954
24281.171000 -0.317244142 -0.363475263 4.248517036 -0.001136084 -0.011660679 -0.013065422 0.999846041
24281.250000 -0.320317388 -0.365563661 4.271097660 0.000618826 -0.007226622 -0.014397700 0.999870121
24281.359000 -0.324726850 -0.371429712 4.311007023 -0.000701822 0.001613080 -0.013496621 0.999907374
24281.437000 -0.325602859 -0.373782754 4.328837395 0.001756564 0.003917869 -0.010853071 0.999931872
24281.515000 -0.332617521 -0.375577897 4.348672390 0.000225660 0.005042584 -0.009061018 0.999946237
24281.609000 -0.337403029 -0.378086716 4.371114254 -0.000794594 0.005266177 -0.007692603 0.999956250
24281.687000 -0.345929086 -0.382426381 4.407994747 -0.000368352 0.003328076 -0.003423284 0.999988616
24281.765000 -0.351351470 -0.384934455 4.427344799 0.000035340 0.003302750 -0.001435259 0.999993563
24281.859000 -0.356975257 -0.386845112 4.447325706 0.000286469 0.002908392 -0.001037883 0.999995232
24281.937000 -0.361530364 -0.388037473 4.463543892 0.000356524 0.002976015 -0.000837783 0.999995232
24282.015000 -0.372104615 -0.390008420 4.495311737 0.005011039 0.003056204 -0.000415548 0.999982715
24282.093000 -0.377938211 -0.389738947 4.510148048 0.005616657 0.002745545 -0.000714806 0.999980211
24282.171000 -0.381962121 -0.390063316 4.525521278 0.005112468 0.002875330 -0.002871748 0.999978662
24282.250000 -0.385259628 -0.389492124 4.542125225 0.004374449 0.001864441 -0.000932298 0.999988258
24282.343000 -0.384801328 -0.386734635 4.554327488 0.003545582 0.000992157 -0.000105798 0.999993265
24282.437000 -0.394102037 -0.387126386 4.581840515 0.003191443 0.001701860 -0.000455888 0.999993384
24282.531000 -0.397137046 -0.388997108 4.595360279 0.003056015 0.000678328 0.000271392 0.999995112
24282.609000 -0.399902672 -0.390322089 4.607107162 0.002416485 -0.000985497 0.000733082 0.999996364
24282.687000 -0.405904531 -0.390394032 4.627099514 0.001563004 -0.001473153 -0.000812462 0.999997377
24282.765000 -0.407377779 -0.391248554 4.638744831 -0.000652400 -0.002434730 -0.000164516 0.999996841
24282.859000 -0.408769131 -0.391591966 4.643465042 0.001526829 -0.003724471 0.001374353 0.999991000
24282.953000 -0.413562149 -0.390896797 4.649261951 0.001255017 -0.011750974 -0.000218995 0.999930203
24283.031000 -0.417109162 -0.392766804 4.651539803 0.000599272 -0.017450776 -0.003625984 0.999840975
24283.125000 -0.423776656 -0.391787112 4.653438091 -0.001269804 -0.026337439 -0.004881062 0.999640405
24283.218000 -0.433931798 -0.392094821 4.655880451 -0.001799493 -0.044166427 -0.006465602 0.999001622
24283.281000 -0.440299839 -0.394012183 4.655768394 -0.000500083 -0.051244538 -0.008602686 0.998648942
24283.375000 -0.445711434 -0.393206537 4.659557819 -0.000436600 -0.055299107 -0.011190938 0.998407006
24283.453000 -0.446264476 -0.394796908 4.660367489 -0.002797534 -0.058993287 -0.013593575 0.998161912
24283.546000 -0.447562814 -0.395157337 4.660403252 -0.005065374 -0.062457200 -0.015042244 0.997921467
24283.625000 -0.449166954 -0.397517771 4.661037922 0.000591263 -0.069041610 -0.014806375 0.997503757
24283.703000 -0.449834466 -0.396367788 4.661378860 0.001481263 -0.072350770 -0.016517196 0.997241378
24283.796000 -0.449354857 -0.397982508 4.663070202 -0.001275278 -0.075155072 -0.016607527 0.997032762
24283.875000 -0.449447781 -0.396677047 4.665241718 -0.001093004 -0.075967595 -0.014883687 0.996998608
24283.953000 -0.444799125 -0.396407217 4.669003963 0.007070101 -0.072729200 -0.011047317 0.997265518
24284.031000 -0.443773866 -0.395249754 4.669989109 0.004962444 -0.068197802 -0.009406721 0.997615159
24284.125000 -0.440316111 -0.392732978 4.675523758 0.000777963 -0.062314093 -0.006669372 0.998034060
24284.218000 -0.438156277 -0.393422335 4.681270599 0.000488966 -0.055253305 -0.002644957 0.998468757
24284.296000 -0.434569776 -0.391189486 4.700851440 -0.001494825 -0.040025499 -0.001798822 0.999195933
24284.390000 -0.432838261 -0.391130626 4.717433453 -0.001497391 -0.035458576 -0.001486720 0.999368966
24284.468000 -0.431004703 -0.392702281 4.734029293 -0.001166683 -0.030163322 -0.001088682 0.999543726
24284.562000 -0.426611394 -0.396664500 4.778910160 0.002891198 -0.024441350 0.003256843 0.999691784
24284.640000 -0.425597906 -0.399071217 4.810361862 0.005631829 -0.022647679 0.003842219 0.999720275
24284.718000 -0.423855871 -0.405635715 4.836951733 0.005668001 -0.021746611 0.007155075 0.999721885
24284.796000 -0.421248287 -0.412053972 4.865098953 0.005902240 -0.019643385 0.011992986 0.999717712
24284.875000 -0.418670237 -0.422332436 4.924209595 0.010176036 -0.014792792 0.010727598 0.999781311
24284.953000 -0.419511199 -0.425565094 4.957828045 0.005900817 -0.018590886 0.009510128 0.999764502
24285.046000 -0.419176042 -0.425612479 4.981997013 0.006731447 -0.017580045 0.008406435 0.999787509
24285.125000 -0.418540001 -0.432401419 5.004464149 0.019548923 -0.023232376 0.011999834 0.999466956
24285.218000 -0.421546817 -0.435154974 5.028874874 0.016465293 -0.029651420 0.008116808 0.999391735
24285.296000 -0.422209889 -0.441005081 5.073891640 0.004037225 -0.023634838 -0.000271231 0.999712467
24285.375000 -0.423013657 -0.439988196 5.092455864 0.002675726 -0.019341262 -0.001509523 0.999808252
24285.453000 -0.422053128 -0.445494384 5.109957218 -0.002744273 -0.016667487 -0.001531249 0.999856174
24285.546000 -0.421127051 -0.438469678 5.125044346 -0.003512769 -0.015263153 -0.004040972 0.999869227
24285.640000 -0.421881735 -0.438512802 5.158189774 -0.014115651 -0.011860386 -0.004230917 0.999821067
24285.734000 -0.419595867 -0.439553201 5.176760674 -0.012526518 -0.010379813 0.000139027 0.999867678
24285.812000 -0.419824034 -0.442230850 5.216169834 -0.013743791 -0.003353229 0.001870799 0.999898195
24285.890000 -0.420990080 -0.443990499 5.236688137 -0.010657568 0.002346139 0.003754483 0.999933422
24285.968000 -0.422521859 -0.447184205 5.255641937 -0.011173286 0.005217504 0.009650273 0.999877393
24286.046000 -0.423250884 -0.449669540 5.279428959 -0.007592046 0.010494404 0.010902076 0.999856710
24286.140000 -0.425868750 -0.452192098 5.300948143 -0.009327306 0.012911350 0.010840899 0.999814391
24286.234000 -0.432432711 -0.459810346 5.348863602 -0.007011497 0.017211048 0.007267538 0.999800861
24286.328000 -0.436651975 -0.461139143 5.373200417 -0.008018742 0.019563239 0.007769903 0.999746263
24286.406000 -0.442535043 -0.465229213 5.396278381 -0.006017321 0.020790564 0.008486351 0.999729753
24286.484000 -0.453863084 -0.478011787 5.439041615 -0.005395528 0.020564687 0.008575217 0.999737203
24286.562000 -0.456822425 -0.478477538 5.467473507 -0.003005273 0.018964035 0.007923254 0.999784231
24286.656000 -0.463317662 -0.481102198 5.487628460 -0.000822004 0.019754080 0.005919684 0.999787033
24286.734000 -0.472423434 -0.479977638 5.505999565 0.001188992 0.018730925 0.006764768 0.999800980
24286.812000 -0.481173247 -0.484471977 5.545318127 0.001123800 0.018434618 0.011160485 0.999767184
24286.890000 -0.485998929 -0.485175878 5.561629772 0.007753527 0.016794676 0.012066999 0.999756098
24286.984000 -0.491382390 -0.488305628 5.578016758 0.001122065 0.015360309 0.009834814 0.999833047
24287.062000 -0.494843096 -0.486651510 5.595933437 -0.004732290 0.015721323 0.006560203 0.999843717
24287.140000 -0.504100084 -0.490680695 5.621974945 0.001852592 0.006968465 0.006966721 0.999949753
24287.218000 -0.506258011 -0.487694770 5.634918690 -0.000784100 0.003305071 0.002660692 0.999990702
24287.296000 -0.508295357 -0.486943513 5.653262138 -0.003688749 -0.002575179 0.001503513 0.999988794
24287.375000 -0.509904087 -0.486579269 5.670361996 -0.006316598 -0.005187150 0.001136588 0.999965966
24287.468000 -0.512707233 -0.485407770 5.693404675 -0.011995300 -0.011482880 0.002091399 0.999859989
24287.546000 -0.511773169 -0.488448679 5.738870144 -0.014165740 -0.013836826 0.001475668 0.999802828
24287.984000 -0.514203966 -0.514068902 5.928286076 -0.002880828 -0.016102118 0.004314537 0.999856889
24288.140000 -0.518858254 -0.515728474 6.006792545 -0.012549005 -0.016726388 0.001794996 0.999779761
24288.234000 -0.519928336 -0.515918314 6.026766777 -0.013199410 -0.016120335 -0.002825590 0.999778926
24288.406000 -0.522940338 -0.515073121 6.058772087 -0.016683258 -0.012499295 -0.006498250 0.999761581
24288.656000 -0.535666168 -0.520449698 6.116552353 -0.010816614 -0.011952028 -0.005475134 0.999855101
24288.734000 -0.537267983 -0.522479415 6.139145851 -0.014200073 -0.011017442 -0.008041743 0.999806166
24288.890000 -0.548552394 -0.528488934 6.212789059 -0.008729519 0.000570004 -0.007678265 0.999932289
24289.078000 -0.552180052 -0.535095930 6.262058735 -0.007368105 0.014117086 -0.002594691 0.999869823
24289.140000 -0.565645576 -0.541015089 6.309012413 -0.002202815 0.027101777 -0.006635284 0.999608219
24289.218000 -0.571024597 -0.546913147 6.329571247 0.000065751 0.028435515 -0.003112735 0.999590755
24289.390000 -0.583789587 -0.551974058 6.375739574 -0.001486860 0.032996785 -0.005220707 0.999440730
24289.468000 -0.594537795 -0.556160092 6.414557457 -0.007586578 0.033257019 -0.008741194 0.999379814
24289.546000 -0.598465741 -0.554760993 6.440006733 -0.003626531 0.032595504 -0.007382128 0.999434829
24289.640000 -0.604989231 -0.556853175 6.457205296 -0.005587304 0.033285078 -0.005227893 0.999416649
24289.828000 -0.623288810 -0.556056678 6.511291981 -0.003571082 0.029488610 -0.000061172 0.999558747
24289.906000 -0.627024174 -0.554266274 6.526707172 -0.007222831 0.028728459 0.000103508 0.999561191
24289.984000 -0.631088734 -0.560063362 6.535786629 -0.005887613 0.027254118 0.000716344 0.999610960
24290.140000 -0.639967561 -0.559635282 6.575959206 -0.006505172 0.022303091 -0.003492987 0.999724030
24290.312000 -0.643114984 -0.558914185 6.603717327 -0.008367161 0.021340594 -0.001956009 0.999735355
24290.484000 -0.637005806 -0.556524515 6.653404236 -0.009637371 0.014562298 0.007394935 0.999820173
24290.562000 -0.636170626 -0.554254055 6.675130844 -0.009512450 0.015210479 0.010809770 0.999780655
24290.640000 -0.638520002 -0.560724199 6.698215008 -0.008850954 0.014194884 0.012902038 0.999776840
24290.718000 -0.635996699 -0.564425290 6.722954750 -0.007469411 0.013392734 0.013199692 0.999795318
24290.812000 -0.636650085 -0.573287010 6.777338505 -0.009047796 0.000406377 0.010083981 0.999908149
24290.890000 -0.638461411 -0.578134298 6.801263809 -0.004098446 -0.001497569 0.005615953 0.999974728
24290.984000 -0.637469709 -0.582353771 6.828795433 0.003051282 -0.006342441 0.006751086 0.999952435
24291.062000 -0.638702273 -0.590428591 6.853863716 0.006755464 -0.012673679 0.008722866 0.999858856
24291.140000 -0.636809587 -0.600075603 6.903964043 0.001002300 -0.023822021 0.003421719 0.999709904
24291.234000 -0.637912989 -0.602206469 6.928174973 0.000908741 -0.026812354 -0.003333612 0.999634564
24291.328000 -0.637782395 -0.602558315 6.949080467 0.002832053 -0.031464051 -0.006533098 0.999479532
24291.406000 -0.635253370 -0.604273438 6.983593464 -0.006934532 -0.032550108 -0.006783020 0.999423027
24291.484000 -0.631984293 -0.603024721 7.001024246 -0.009367773 -0.032963354 -0.003797622 0.999405444
24291.562000 -0.635338604 -0.602101147 7.017360687 -0.012072165 -0.032965876 -0.002417377 0.999380648
24291.656000 -0.635827065 -0.598406196 7.033561230 -0.017251514 -0.033764534 -0.000299538 0.999280870
24291.734000 -0.639670432 -0.594469845 7.073965073 -0.016749477 -0.034065291 0.001623160 0.999277949
24291.828000 -0.640467644 -0.594371915 7.094814777 -0.021136690 -0.031906091 0.000416975 0.999267280
24291.906000 -0.645306468 -0.594279647 7.111826420 -0.019656951 -0.026279286 0.000054262 0.999461353
24291.984000 -0.649312198 -0.594452202 7.134369850 -0.010955589 -0.018941769 0.000216941 0.999760568
24292.078000 -0.651000500 -0.599838674 7.157589912 -0.008967769 -0.016382713 0.002633676 0.999822080
24292.156000 -0.655273557 -0.608070076 7.207200527 -0.007806805 -0.005267623 0.000067773 0.999955654
24292.234000 -0.659697592 -0.608161211 7.233854294 -0.008898400 -0.001489803 -0.001170257 0.999958634
24292.312000 -0.664223969 -0.613167107 7.262405396 -0.003846639 -0.000134066 -0.002637185 0.999989152
24292.406000 -0.672347784 -0.614846468 7.288327217 -0.002741737 -0.002710655 -0.003714585 0.999985695
24292.484000 -0.684367061 -0.629904330 7.335415363 -0.004891341 -0.002192293 -0.008686481 0.999947906
24292.562000 -0.696198165 -0.632921219 7.363538742 -0.016924607 0.008837806 -0.017451871 0.999665380
24292.640000 -0.705291569 -0.638208389 7.384571075 -0.017454237 0.018587515 -0.023507433 0.999398470
24292.734000 -0.709846258 -0.640546560 7.406818390 -0.008983761 0.017757863 -0.018813025 0.999624968
24292.812000 -0.721131563 -0.643405199 7.440950394 -0.002439522 0.020254312 -0.005838173 0.999774814
24292.984000 -0.728088856 -0.636172116 7.471895218 -0.003487639 0.021273494 0.001713598 0.999766171
24293.062000 -0.739822984 -0.640313268 7.494937420 -0.014048171 0.020200701 0.000550455 0.999697089
24293.218000 -0.750652790 -0.633782864 7.523213387 -0.010658253 0.010232691 0.002414717 0.999887943
24293.296000 -0.754921377 -0.636522532 7.536339283 -0.016914731 0.007534942 -0.000790493 0.999828219
24293.390000 -0.759347439 -0.637734592 7.550874233 -0.017633922 0.000633656 -0.001429016 0.999843299
24293.468000 -0.783529222 -0.642076433 7.566975117 -0.017161209 -0.005006539 0.000799423 0.999839902
24293.546000 -0.769164979 -0.639456213 7.600726128 -0.021067109 -0.020762401 -0.004845802 0.999550760
24293.625000 -0.770025015 -0.636831522 7.618342876 -0.019767098 -0.024859017 -0.003251964 0.999490261
24293.703000 -0.769384980 -0.635828912 7.640501022 -0.014403524 -0.027772853 0.001015251 0.999509990
24293.796000 -0.769933820 -0.642214775 7.663478851 -0.010571291 -0.031597670 0.001666018 0.999443412
24293.875000 -0.764244258 -0.649591744 7.717533588 -0.014399391 -0.033588499 0.003268623 0.999326646
24293.968000 -0.758855104 -0.654831171 7.743411541 -0.008431219 -0.035838339 0.005763161 0.999305427
24294.046000 -0.758546293 -0.661074579 7.768177986 0.000888929 -0.038748268 0.003048124 0.999243975
24294.140000 -0.756546557 -0.669590294 7.792685032 0.000383018 -0.040556114 -0.000004690 0.999177217
24294.218000 -0.750028849 -0.681102455 7.845160961 0.006483106 -0.047376849 0.001201101 0.998855352
24294.296000 -0.747255862 -0.682500899 7.869529247 0.002843154 -0.052303482 -0.000055749 0.998627186
24294.375000 -0.741997004 -0.685427606 7.896615505 -0.000665687 -0.057344120 -0.002245033 0.998351753
24294.468000 -0.736431360 -0.683750629 7.912797928 -0.005673707 -0.058207840 -0.002246956 0.998285830
24294.562000 -0.728573501 -0.683807492 7.945660591 -0.012830270 -0.060031682 -0.000927980 0.998113573
24294.656000 -0.724826157 -0.683271050 7.960209370 -0.016105168 -0.063421853 -0.000061410 0.997856855
24294.750000 -0.729748130 -0.686686218 7.979986191 -0.020369560 -0.063497424 0.004469096 0.997764111
24294.843000 -0.716616631 -0.680402696 7.999215126 -0.019615993 -0.059086457 0.017401066 0.997908413
24294.921000 -0.718367338 -0.689636827 8.005611420 -0.022189541 -0.050392725 0.019886121 0.998284936
24295.000000 -0.710444570 -0.684809923 8.034871101 -0.019954490 -0.038690440 0.032600023 0.998519957
24295.093000 -0.710430801 -0.681683064 8.057260513 -0.025389323 -0.028395716 0.030527061 0.998807847
24295.171000 -0.710231483 -0.679702103 8.074767113 -0.024440167 -0.018830948 0.029559847 0.999086738
24295.265000 -0.708759546 -0.678987145 8.092218399 -0.024448333 -0.010718119 0.030710528 0.999171793
24295.343000 -0.710258007 -0.679714441 8.141367912 -0.028558843 0.006983149 0.029061457 0.999145210
24295.437000 -0.712059081 -0.680049956 8.172061920 -0.031468987 0.018459201 0.023059035 0.999068201
24295.515000 -0.715605557 -0.681874037 8.205471992 -0.033391982 0.018418500 0.021921132 0.999032140
24295.593000 -0.722074389 -0.684015095 8.240324020 -0.036817301 0.017563846 0.016653713 0.999028862
24295.671000 -0.731095731 -0.685813069 8.307922363 -0.046585564 0.012704573 0.020952106 0.998613775
24295.765000 -0.736040235 -0.688374817 8.338870049 -0.045265805 0.012196037 0.024041001 0.998611212
24295.843000 -0.745342612 -0.693220496 8.371447563 -0.040668782 0.008302745 0.027189869 0.998768151
24295.937000 -0.750649393 -0.696177423 8.400173187 -0.034972791 0.003018642 0.031107467 0.998899460
24296.015000 -0.766282022 -0.708093703 8.442082405 -0.022521852 -0.001938195 0.030107645 0.999291062
24296.109000 -0.772851050 -0.710538566 8.460852623 -0.019096389 -0.003584240 0.024538897 0.999510050
24296.187000 -0.779433846 -0.714532018 8.471363068 -0.020452958 -0.004100861 0.019053338 0.999600828
24296.281000 -0.789844990 -0.718804240 8.498572350 -0.011975548 -0.008967963 0.022533912 0.999634147
24296.359000 -0.790787995 -0.721623003 8.505087852 -0.014094363 -0.009864327 0.020668199 0.999638379
24296.453000 -0.793115795 -0.719068468 8.513994217 -0.016676817 -0.010595845 0.017256636 0.999655843
24296.531000 -0.795534432 -0.719823956 8.526497841 -0.031774018 -0.008995836 0.013324316 0.999365747
24296.609000 -0.793243110 -0.717410505 8.556092262 -0.033184268 -0.014183078 0.018550836 0.999176443
24296.703000 -0.792164624 -0.713629842 8.575481415 -0.034552269 -0.020861315 0.018628053 0.999011517
24296.781000 -0.794169486 -0.716794848 8.592776299 -0.039676953 -0.026790339 0.017409602 0.998701632
24296.875000 -0.795099795 -0.713958919 8.617714882 -0.046591070 -0.031414025 0.020856405 0.998202145
24296.953000 -0.788091123 -0.710811675 8.667695999 -0.048300419 -0.040957104 0.024686743 0.997687399
24297.046000 -0.782197952 -0.713946283 8.698333740 -0.049591135 -0.042688351 0.025891501 0.997520983
24297.125000 -0.781073153 -0.717668355 8.731543541 -0.042509884 -0.043227136 0.028565831 0.997751653
24297.203000 -0.770837367 -0.728788078 8.795043945 -0.038677480 -0.047220763 0.029337322 0.997704208
24297.296000 -0.761296272 -0.736908555 8.827169418 -0.041046180 -0.049586836 0.024473617 0.997625887
24297.390000 -0.759197533 -0.740822256 8.853981972 -0.036420241 -0.045566760 0.024265856 0.998002231
24297.468000 -0.749727786 -0.754774570 8.900404930 -0.016898898 -0.044383664 0.028060710 0.998477399
24297.546000 -0.741735935 -0.759605408 8.915623665 -0.012153817 -0.044586316 0.022797080 0.998671472
24297.640000 -0.740464807 -0.761143386 8.930871010 -0.014270971 -0.040665682 0.016134823 0.998940587
24297.718000 -0.737793148 -0.758824646 8.945650101 -0.017715732 -0.034711540 0.010425831 0.999185979
24297.812000 -0.728275597 -0.756940603 8.963638306 -0.013470664 -0.020497819 0.002920442 0.999694884
24297.890000 -0.725027084 -0.756387889 8.974381447 -0.007725999 -0.018927714 0.005478841 0.999776006
24297.968000 -0.720337391 -0.756270289 8.982827187 -0.016043119 -0.013787665 0.003809167 0.999768972
24298.062000 -0.716799080 -0.751366138 8.993052483 -0.014603047 -0.009312744 0.004321802 0.999840677
24298.156000 -0.716684401 -0.754926920 9.014011383 -0.016402267 -0.010322985 0.011622487 0.999744713
24298.234000 -0.723253667 -0.750638902 9.030191422 -0.015368918 -0.011915802 0.014541932 0.999705136
24298.312000 -0.727361977 -0.747088671 9.045147896 -0.014382281 -0.018956726 0.015922964 0.999590039
24298.406000 -0.734049022 -0.748201072 9.067872047 -0.013454087 -0.025947738 0.014709967 0.999464512
24298.468000 -0.746090889 -0.744275272 9.104125977 -0.012423012 -0.017209822 0.011620069 0.999707222
24298.562000 -0.746475041 -0.745083570 9.132308960 -0.015475269 -0.023946928 0.016344624 0.999459803
24298.640000 -0.751675189 -0.748985410 9.158358574 -0.006432308 -0.026511407 0.010967174 0.999567688
24298.718000 -0.762965381 -0.753918707 9.186519623 -0.012474210 -0.028251883 -0.001088496 0.999522388
24298.796000 -0.769047737 -0.752933621 9.215986252 -0.014823815 -0.024787249 -0.008568984 0.999546111
24298.875000 -0.779895842 -0.764163554 9.268775940 -0.027359115 -0.025032219 -0.005760843 0.999295592
24298.953000 -0.784340799 -0.765487552 9.294908524 -0.026694302 -0.023064392 -0.005179574 0.999364138
24299.046000 -0.788721383 -0.771978438 9.316462517 -0.019213950 -0.021991305 -0.004938901 0.999561310
24299.125000 -0.794366837 -0.778227568 9.341501236 -0.017959863 -0.018405536 -0.006231470 0.999649882
24299.203000 -0.805058479 -0.780805290 9.381904602 -0.012659619 -0.007706822 -0.006712685 0.999867678
24299.296000 -0.814733863 -0.797748327 9.389703751 -0.012022209 -0.003833368 -0.003600289 0.999913931
24299.359000 -0.819220006 -0.797087669 9.406393051 -0.009672747 -0.003658171 -0.001149004 0.999945939
24299.453000 -0.825173676 -0.797553658 9.421692848 -0.008893096 -0.005613023 -0.002462678 0.999941707
24299.531000 -0.825863004 -0.785514832 9.444675446 -0.007183304 -0.010144248 -0.002796200 0.999918878
24299.609000 -0.832374990 -0.783577621 9.475813866 -0.016267901 -0.013073895 -0.002711709 0.999778509
24299.687000 -0.837823987 -0.783416927 9.492704391 -0.018711273 -0.016030809 -0.001988724 0.999694407
24299.781000 -0.844120264 -0.783644736 9.508583069 -0.024446344 -0.019997535 -0.003235380 0.999495924
24299.859000 -0.845942497 -0.777805805 9.534598351 -0.032416612 -0.023629516 -0.003864600 0.999187589
24299.937000 -0.849198937 -0.779809117 9.583769798 -0.037875094 -0.027353222 0.000025584 0.998908043
24300.015000 -0.847517967 -0.781989276 9.611164093 -0.035514988 -0.026011609 0.003138912 0.999025643
24300.093000 -0.848448873 -0.788353622 9.639500618 -0.032564420 -0.024071835 0.006461150 0.999158800
24300.187000 -0.845041096 -0.790738761 9.668605804 -0.021224940 -0.021841718 0.010766909 0.999478102
24300.281000 -0.840157151 -0.805849433 9.742448807 -0.020910056 -0.013759809 0.014551862 0.999580801
24300.359000 -0.840675414 -0.811049879 9.780384064 -0.025160138 -0.005973053 0.015722131 0.999541998
24300.437000 -0.835860312 -0.816945910 9.810025215 -0.022020880 -0.002974065 0.024088925 0.999462843
24300.515000 -0.834191799 -0.821494401 9.836456299 -0.017934369 0.000839038 0.027067168 0.999472380
24300.609000 -0.825601161 -0.832881927 9.880277634 -0.013597406 0.014238865 0.022929272 0.999543190
24300.687000 -0.822339416 -0.837821126 9.896645546 -0.010173148 0.020397246 0.020794053 0.999523938
24300.781000 -0.820991695 -0.839929700 9.912605286 -0.007336078 0.025546502 0.020080350 0.999445081
24300.859000 -0.819947064 -0.836612284 9.926113129 -0.006549333 0.027217053 0.018849310 0.999430358
24300.937000 -0.823955238 -0.831111372 9.962144852 -0.026180955 0.021544062 0.021126328 0.999201715
24301.015000 -0.832352340 -0.826729119 9.981581688 -0.034540508 0.019396037 0.018242259 0.999048531
24301.109000 -0.836459875 -0.825726569 10.002424240 -0.037801467 0.015515028 0.015730198 0.999041021
24301.187000 -0.840988040 -0.830044866 10.020891190 -0.041577369 0.013092428 0.014883439 0.998938680
24301.265000 -0.846813381 -0.825639129 10.046596527 -0.041275959 0.013722968 0.013587992 0.998961151
24301.343000 -0.858575284 -0.827567458 10.103328705 -0.045688719 0.020942368 0.008324768 0.998701513
24301.421000 -0.860242963 -0.823020518 10.139680862 -0.048254959 0.027906653 0.009366727 0.998401225
24301.500000 -0.862232268 -0.823642313 10.177549362 -0.039945856 0.036091387 0.010326328 0.998496413
24301.578000 -0.866831779 -0.831031501 10.209247589 -0.040070411 0.036918949 0.013896017 0.998417914
24301.671000 -0.873818815 -0.833199382 10.244044304 -0.038880587 0.047695279 0.010022652 0.998054683
24301.750000 -0.889241576 -0.846602023 10.306171417 -0.037003089 0.055120669 0.005860301 0.997776628
24301.843000 -0.888898313 -0.852240026 10.332527161 -0.023081802 0.041949108 0.012683949 0.998772562
24301.921000 -0.896010458 -0.856445253 10.353777885 -0.017142033 0.045148149 0.012358592 0.998756766
24302.000000 -0.903084815 -0.862105548 10.399442673 -0.011805048 0.042527713 0.009911626 0.998976409
24302.093000 -0.906903327 -0.870295763 10.414720535 -0.012447816 0.041650712 0.007315823 0.999027908
24302.171000 -0.909797728 -0.869127274 10.432915688 -0.007110775 0.042112041 0.007514634 0.999059319
24302.265000 -0.905741751 -0.874131262 10.448893547 -0.007645441 0.032477219 0.013981977 0.999345422
24302.343000 -0.909768105 -0.873538673 10.489061356 -0.013941238 0.025772417 0.017237602 0.999421954
24302.421000 -0.905843318 -0.871219873 10.508543968 -0.014766889 0.020384084 0.021469655 0.999452591
24302.500000 -0.904942989 -0.866794467 10.536291122 -0.020939825 0.015083507 0.023017185 0.999401927
24302.578000 -0.902288973 -0.861420333 10.563988686 -0.029360814 0.011070044 0.021929234 0.999267042
24302.656000 -0.897287786 -0.864270151 10.591966629 -0.033549849 0.007690856 0.023493733 0.999131262
24302.734000 -0.885503054 -0.868964791 10.649524689 -0.023566987 0.003207731 0.026190201 0.999373972
24302.812000 -0.879915893 -0.871932209 10.681946754 -0.013325091 0.004318221 0.023199186 0.999632776
24302.890000 -0.869178176 -0.880613625 10.716438293 -0.011709337 0.002868670 0.025037477 0.999613881
24302.968000 -0.857483387 -0.890409946 10.752227783 -0.016522739 0.002641552 0.029830275 0.999414921
24303.046000 -0.849289358 -0.887043178 10.772281647 -0.005094556 0.007771815 0.029187212 0.999530792
24303.125000 -0.837002337 -0.902770877 10.819892883 0.004616247 0.009901986 0.023567546 0.999662578
24303.203000 -0.816784263 -0.923014402 10.873379707 0.002228193 0.015709419 0.014992619 0.999761760
24303.281000 -0.814714432 -0.925874710 10.898238182 0.012119590 0.012617954 0.015191990 0.999731541
24303.359000 -0.814657688 -0.929930031 10.920810699 0.006820400 0.007325747 0.012117216 0.999876559
24303.437000 -0.810768664 -0.929117262 10.944662094 -0.000818942 0.001439948 0.012941605 0.999914885
24304.421000 -0.854428113 -0.939666748 11.381081581 -0.013928648 0.014051700 -0.017360691 0.999653518
24304.500000 -0.858959973 -0.946017981 11.411207199 -0.009844040 0.016437143 -0.016880322 0.999673963
24304.578000 -0.862477958 -0.950093865 11.432862282 -0.004839411 0.021346198 -0.015732741 0.999636650
24304.671000 -0.863263488 -0.952567875 11.476563454 -0.001590521 0.030697111 -0.011813582 0.999457657
24304.750000 -0.866613269 -0.952500999 11.492865562 -0.006095600 0.032694288 -0.012286597 0.999371290
24304.843000 -0.870219827 -0.952044427 11.510498047 -0.008165599 0.032036327 -0.008695296 0.999415517
24304.921000 -0.873571813 -0.955473363 11.525972366 -0.008593129 0.030764502 -0.006682042 0.999467373
24305.015000 -0.875663877 -0.955218613 11.555893898 -0.000016646 0.021641163 -0.003337023 0.999760270
24305.093000 -0.873096943 -0.955055654 11.572666168 -0.003381421 0.019113671 -0.001708129 0.999810159
24305.171000 -0.872034073 -0.959451139 11.590667725 -0.001189203 0.017211322 -0.002333313 0.999848485
24305.250000 -0.870344341 -0.959927320 11.610980988 -0.000091057 0.014180684 -0.002993432 0.999894977
24305.343000 -0.866517723 -0.961099923 11.662450790 0.002232204 0.009020590 -0.005752757 0.999940276
24305.421000 -0.859688282 -0.960707188 11.695107460 0.005634418 0.006004314 -0.004156324 0.999957502
24305.515000 -0.855770528 -0.962136030 11.726019859 0.010820824 0.002030455 -0.003531405 0.999933183
24305.593000 -0.850262463 -0.968916893 11.811003685 0.014722162 0.006020383 0.001426970 0.999872506
24305.671000 -0.829154253 -0.974498153 11.836361885 0.017084597 0.007305884 0.005032196 0.999814689
24305.765000 -0.822097301 -0.979650557 11.881236076 0.005141312 0.011757379 0.006794892 0.999894619
24305.843000 -0.811501503 -0.993813932 11.915246964 0.014436250 0.008375086 0.009594332 0.999814689
24305.921000 -0.802594125 -1.003441811 11.961929321 0.020287897 -0.001843638 0.005671622 0.999776423
24306.015000 -0.795277953 -1.009192348 12.034439087 0.004970649 -0.020522239 -0.006008741 0.999759018
24306.093000 -0.790169716 -1.010060906 12.064820290 0.003666573 -0.030995969 -0.004543459 0.999502480
24306.171000 -0.786108851 -1.011618853 12.088467598 0.009049576 -0.041291237 -0.007485684 0.999078155
24306.265000 -0.784440875 -1.004098892 12.123742104 0.012279637 -0.051336471 -0.009818250 0.998557687
24306.359000 -0.799631238 -1.001074672 12.164690018 -0.021295043 -0.072623841 -0.001757291 0.997130513
24306.437000 -0.786798894 -1.001153827 12.188452721 -0.023359662 -0.093569852 0.008585926 0.995301604
24306.515000 -0.798357785 -1.004936934 12.212797165 -0.032990098 -0.101441063 0.011652700 0.994226158
24306.593000 -0.804981709 -1.002387881 12.233781815 -0.040205438 -0.108499430 0.017685115 0.993125737
24306.671000 -0.822030544 -1.008269072 12.269675255 -0.036518343 -0.107738800 0.027119225 0.993138134
24306.750000 -0.829565585 -1.018300295 12.288476944 -0.039972857 -0.101460740 0.023917392 0.993748426
24306.828000 -0.836212397 -1.017372847 12.311622620 -0.040069599 -0.090242729 0.021097571 0.994889736
24306.906000 -0.843986154 -1.021457076 12.331974983 -0.043541115 -0.072605275 0.016735535 0.996269345
24306.984000 -0.853899300 -1.026836038 12.359185219 -0.054182399 -0.052752335 0.008457004 0.997100770
24307.062000 -0.886067808 -0.983793974 12.395565987 -0.036893010 -0.010534108 0.003365019 0.999258041
24307.140000 -0.881472051 -1.018779874 12.449766159 -0.041166928 0.020563444 -0.004034736 0.998932540
24307.218000 -0.889549255 -1.018624306 12.484334946 -0.042825017 0.029169660 0.001360666 0.998655796
24307.312000 -0.904086769 -1.024067283 12.503204346 -0.026752761 0.026807727 0.010022786 0.999232292
24307.390000 -0.914857984 -1.024106145 12.531735420 -0.021112779 0.021833321 0.013527102 0.999447167
24307.468000 -0.940961301 -1.026057243 12.580426216 -0.029280085 0.030800723 0.001401507 0.999095619
24307.593000 -0.952482164 -1.031988144 12.597331047 -0.027051581 0.027206475 -0.000329260 0.999263704
24307.687000 -0.973601639 -1.035516500 12.637372017 -0.029598214 0.018528242 -0.005042837 0.999377429
24307.765000 -0.977915585 -1.038603663 12.652393341 -0.031122122 0.018707167 -0.005370982 0.999326110
24307.843000 -0.979244053 -1.037297606 12.666545868 -0.036772527 0.022251844 -0.002954631 0.999071538
24307.921000 -0.978839397 -1.037611246 12.681905746 -0.039811321 0.023327174 0.000367737 0.998934865
24308.015000 -0.977160215 -1.036791325 12.719066620 -0.031739157 0.029212892 0.004439616 0.999059319
24308.109000 -0.974958241 -1.039468646 12.742259979 -0.030018359 0.030570436 0.004657639 0.999070942
24308.187000 -0.971389711 -1.045126319 12.763099670 -0.030439202 0.032494403 0.007059454 0.998983383
24308.265000 -0.970725119 -1.045672894 12.791352272 -0.028468251 0.035741113 0.007459263 0.998927712
24308.343000 -0.959503353 -1.059760451 12.850544930 -0.012753156 0.038424920 0.016560260 0.999042869
24308.421000 -0.950472414 -1.066758752 12.880733490 -0.007831440 0.035042390 0.028303673 0.998954296
24308.500000 -0.947734118 -1.069801211 12.904371262 -0.002904076 0.038924366 0.030808482 0.998762906
24308.578000 -0.942004085 -1.080166578 12.937045097 -0.002416680 0.040256731 0.028003601 0.998793960
24308.671000 -0.930445373 -1.095949888 12.990837097 -0.004946193 0.050152596 0.011959841 0.998657763
24308.734000 -0.925456882 -1.097797513 13.010179520 0.007609189 0.045471951 0.016161619 0.998805881
24308.828000 -0.922983110 -1.101585269 13.037019730 0.019387355 0.031834099 0.014740467 0.999196410
24308.921000 -0.925445020 -1.103457093 13.056755066 0.019061450 0.021983713 0.009374456 0.999532640
24309.000000 -0.926630855 -1.098944902 13.079185486 0.008835601 0.013715503 0.003540283 0.999860644
24309.062000 -0.931073725 -1.101245761 13.121683121 0.003640779 -0.002268480 0.007510404 0.999962628
24309.156000 -0.937555611 -1.099295855 13.144247055 0.001023827 -0.009913782 0.007422823 0.999922812
24309.234000 -0.940411627 -1.095988870 13.168679237 -0.013540521 -0.010368816 0.003605533 0.999848068
24309.312000 -0.939775348 -1.094292045 13.197308540 -0.021496093 -0.006821173 0.001634535 0.999744356
24309.390000 -0.949509025 -1.095293283 13.251897812 -0.018565474 -0.002817272 0.001877818 0.999821901
24309.468000 -0.954916537 -1.094179153 13.287515640 -0.022300350 0.001604069 -0.000383770 0.999749959
24309.562000 -0.960214078 -1.094649673 13.322757721 -0.025306463 0.012578059 -0.002307882 0.999597967
24309.656000 -0.965972006 -1.095755935 13.366437912 -0.033846475 0.024196938 -0.004148616 0.999125481
24309.734000 -0.985360682 -1.100714326 13.434539795 -0.025129780 0.024825674 0.007400300 0.999348521
24309.812000 -0.988822281 -1.116328716 13.484663010 -0.019862054 0.018178958 0.009512977 0.999592185
24309.890000 -0.994196296 -1.125343204 13.514760971 -0.013619910 0.020442693 0.008244795 0.999664247
24309.968000 -0.995020628 -1.124728322 13.546582222 -0.015525457 0.029503401 0.008699482 0.999406219
24310.046000 -1.000365019 -1.129356146 13.575444221 -0.014605705 0.040770523 0.009884943 0.999012887
24310.125000 -0.982477307 -1.147473335 13.617175102 -0.011271803 0.042648442 0.008045955 0.998994172
24310.203000 -1.004159570 -1.134720206 13.644886017 -0.011914704 0.049119756 0.003949957 0.998714030
24310.281000 -1.002329588 -1.131703973 13.666424751 -0.012521805 0.047514431 0.004909092 0.998780012
24310.359000 -1.000888824 -1.132148385 13.687282562 -0.012355912 0.043806355 0.009958025 0.998914003
24310.453000 -0.997411072 -1.133874178 13.705661774 -0.014182102 0.044640463 0.010467199 0.998847604
24310.531000 -0.991715252 -1.130716085 13.759369850 -0.022217717 0.050900962 0.007879630 0.998425484
24310.625000 -0.983547032 -1.130820513 13.785420418 -0.026948063 0.052683495 0.011996745 0.998175502
24310.703000 -0.980235815 -1.134441614 13.811263084 -0.028788207 0.056975540 0.014499009 0.997855127
24310.781000 -0.972881079 -1.135167122 13.838217735 -0.034650087 0.064812928 0.012681547 0.997215092
24310.875000 -0.941127062 -1.143685579 13.914334297 -0.032364089 0.079228282 0.024079472 0.996039987
24310.953000 -0.930026293 -1.153223634 13.940322876 -0.016177690 0.079837516 0.032122597 0.996158838
24311.031000 -0.917181492 -1.155927539 13.973397255 -0.015305438 0.091033317 0.031142129 0.995243132
24311.109000 -0.909956217 -1.163601518 14.006918907 -0.019171868 0.099593863 0.025374742 0.994519830
24311.187000 -0.902020454 -1.167153835 14.035670280 -0.011166698 0.098481290 0.023509424 0.994798481
24311.265000 -0.886481047 -1.162762761 14.091438293 -0.015690997 0.095527492 0.015423979 0.995183587
24311.343000 -0.879522622 -1.160500526 14.115892410 -0.025588645 0.093010038 0.013327093 0.995247126
24311.421000 -0.874861598 -1.163501024 14.140198708 -0.028025353 0.094885007 0.009871404 0.995044708
24311.515000 -0.869077742 -1.161912799 14.161354065 -0.032108087 0.096907184 0.009112948 0.994733691
24311.593000 -0.865343034 -1.162658215 14.183883667 -0.039472952 0.099040292 0.008565800 0.994263351
24311.671000 -0.852676213 -1.170630813 14.228980064 -0.056966618 0.096265413 0.010761198 0.993665934
24311.765000 -0.853440344 -1.161680222 14.262693405 -0.050576720 0.089400001 0.010873489 0.994651377
24311.937000 -0.845342517 -1.168387294 14.309915543 -0.044874121 0.088267073 0.012237344 0.995010316
24312.015000 -0.833279252 -1.173866749 14.368791580 -0.035533927 0.092968233 -0.001012409 0.995034277
24312.187000 -0.819058895 -1.187892556 14.427365303 -0.033098023 0.097767465 0.012621745 0.994578660
24312.281000 -0.810189426 -1.190120578 14.455331802 -0.021318531 0.090993635 0.019054342 0.995440900
24312.359000 -0.801431715 -1.191845417 14.515399933 -0.028427750 0.084747069 0.019187685 0.995812058
24312.437000 -0.800634027 -1.190185308 14.543068886 -0.028803317 0.070641622 0.021412579 0.996855915
24312.609000 -0.796857595 -1.193199277 14.583523750 -0.030193256 0.043993909 0.023324341 0.998302996
24312.687000 -0.793244779 -1.186354756 14.626529694 -0.035346035 0.026533138 0.023128724 0.998755097
24312.765000 -0.786245704 -1.186433196 14.643137932 -0.039493490 0.020882310 0.023356525 0.998728573
24312.843000 -0.787422955 -1.187236190 14.661880493 -0.041504063 0.013602091 0.022120561 0.998800814
24312.937000 -0.794696569 -1.191367626 14.682664871 -0.039896891 0.003894751 0.018061366 0.999032974
24313.015000 -0.782802343 -1.184916019 14.729199409 -0.041774876 -0.010810819 0.017140750 0.998921514
24313.093000 -0.776903570 -1.185499310 14.751666069 -0.044154648 -0.014591591 0.019571675 0.998726487
24313.156000 -0.772966921 -1.186629653 14.780481339 -0.041781083 -0.018240610 0.020073606 0.998758554
24313.250000 -0.770182967 -1.187598825 14.807989120 -0.039433487 -0.025246192 0.018344833 0.998734772
24313.328000 -0.763865232 -1.192772865 14.835357666 -0.037436891 -0.031355757 0.018789805 0.998630226
24313.421000 -0.748386562 -1.200080514 14.887766838 -0.030706828 -0.056264419 0.021859270 0.997704208
24313.484000 -0.736865580 -1.203339458 14.915855408 -0.026289532 -0.067815371 0.023416167 0.997076571
24313.578000 -0.731966853 -1.208592176 14.936248779 -0.022794694 -0.082213812 0.022167712 0.996107399
24313.656000 -0.725748122 -1.208435297 14.955731392 -0.021876711 -0.085485384 0.019714667 0.995904148
24313.750000 -0.727819979 -1.214227200 14.977473259 -0.020628171 -0.093064904 0.014024066 0.995347559
24313.828000 -0.715543509 -1.220444560 15.015192986 -0.029607421 -0.106510259 0.004502893 0.993860543
24313.906000 -0.713440716 -1.221516013 15.033650398 -0.031317770 -0.112461232 0.006947835 0.993138194
24314.000000 -0.711401463 -1.224802494 15.049827576 -0.033607040 -0.115835160 0.009574640 0.992653668
24314.078000 -0.710181534 -1.223426223 15.087017059 -0.042435009 -0.125523433 0.012300662 0.991106391
24314.140000 -0.713517547 -1.223747134 15.106065750 -0.042464253 -0.127370983 0.013097571 0.990859151
24314.234000 -0.715165198 -1.224850178 15.128469467 -0.042751949 -0.130596131 0.013337164 0.990423739
24314.312000 -0.714406967 -1.222941160 15.149785042 -0.045566238 -0.132206932 0.014042713 0.990074754
24314.390000 -0.714089930 -1.228895545 15.173218727 -0.039678957 -0.137809217 0.010441393 0.989608645
24314.468000 -0.718209565 -1.231844425 15.196825981 -0.031352133 -0.144993886 0.012651957 0.988854766
24314.546000 -0.736920357 -1.240741014 15.242177010 -0.021538479 -0.164871320 0.012033641 0.986006498
24314.609000 -0.734796107 -1.244341969 15.264286041 -0.020803701 -0.176774547 0.012925812 0.983946621
24314.703000 -0.740741849 -1.247651935 15.283522606 -0.023978380 -0.188485757 0.010356877 0.981728554
24314.781000 -0.750379920 -1.248453259 15.304853439 -0.025447659 -0.197475314 0.009524472 0.979931235
24314.859000 -0.752869427 -1.252462745 15.332069397 -0.024254655 -0.209473148 0.008962120 0.977472484
24314.953000 -0.769242227 -1.253961086 15.369424820 -0.029373100 -0.229429439 0.007744208 0.972851217
24315.031000 -0.778522193 -1.255168676 15.386114120 -0.029481364 -0.235794097 0.007766298 0.971324801
24315.109000 -0.779124022 -1.254109025 15.396527290 -0.032117959 -0.240310192 0.005368659 0.970149815
24315.203000 -0.784762859 -1.254464388 15.411787033 -0.030696923 -0.240134805 0.004058343 0.970245659
24315.281000 -0.804133356 -1.255620480 15.444829941 -0.029470574 -0.249746948 -0.002843957 0.967858434
24315.375000 -0.809547842 -1.257590413 15.462390900 -0.028681364 -0.257684678 -0.006145488 0.965783775
24315.453000 -0.825148165 -1.261758327 15.472891808 -0.012973636 -0.275816202 -0.005198681 0.961108804
24315.531000 -0.832201242 -1.261520267 15.491339684 0.004512198 -0.289776474 -0.003588537 0.957077026
24315.609000 -0.857423663 -1.262803674 15.513950348 0.003904480 -0.303686827 -0.008015560 0.952730238
24315.687000 -0.865529358 -1.269399405 15.518049240 -0.000186685 -0.314235240 -0.009122426 0.949301362
24315.750000 -0.875365376 -1.270093560 15.531438828 -0.001294470 -0.325051785 -0.009159362 0.945650995
24315.828000 -0.882353425 -1.265826702 15.543200493 -0.001109234 -0.338586956 -0.013676155 0.940835059
24315.906000 -0.892709851 -1.266878366 15.555195808 -0.003463294 -0.351321876 -0.015707977 0.936116576
24315.984000 -0.899818420 -1.273551464 15.572463036 -0.009825335 -0.360720843 -0.019602396 0.932416141
24316.062000 -0.904601216 -1.272007227 15.584254265 -0.007737498 -0.370829731 -0.017229436 0.928508818
24316.140000 -0.917019367 -1.264497399 15.605126381 0.002902576 -0.384606570 -0.015583642 0.922944546
24316.218000 -0.920687199 -1.273618460 15.629117966 0.004280949 -0.390574157 -0.014487806 0.920447528
24316.312000 -0.929852247 -1.275277376 15.643995285 0.008149720 -0.394188136 -0.013910001 0.918888330
24316.390000 -0.938525200 -1.281619549 15.663528442 0.006826434 -0.397661626 -0.014563801 0.917391181
24316.468000 -0.929425240 -1.295926094 15.694398880 -0.002044316 -0.407221735 -0.015287646 0.913199127
24316.546000 -0.954846859 -1.280278802 15.717813492 0.000130549 -0.415642083 -0.025238650 0.909178078
24316.609000 -0.969149590 -1.279815197 15.720763206 -0.010928373 -0.414284974 -0.022842282 0.909794927
24316.687000 -0.969737530 -1.281394243 15.738726616 -0.006351556 -0.420161963 -0.021118915 0.907181144
24316.765000 -0.983307838 -1.282567978 15.739824295 -0.000537662 -0.422409683 -0.019148635 0.906202555
24316.843000 -0.989262581 -1.286702752 15.758640289 -0.006515011 -0.423703760 -0.020515988 0.905544996
24316.921000 -0.998487711 -1.289257765 15.767165184 -0.005775400 -0.426694840 -0.021954434 0.904110730
24317.000000 -1.009920835 -1.289378285 15.770151138 -0.003073039 -0.431544453 -0.022178417 0.901813805
24317.078000 -1.028721571 -1.290150166 15.792049408 -0.007321193 -0.447168261 -0.028752275 0.893957615
24317.171000 -1.036647320 -1.293891311 15.800613403 -0.007709241 -0.455933809 -0.030889207 0.889444113
24317.250000 -1.043822289 -1.294089556 15.809053421 -0.004565162 -0.464369863 -0.031966627 0.885052502
24317.328000 -1.049264431 -1.291983485 15.815771103 -0.003777571 -0.474718422 -0.032608241 0.879525363
24317.406000 -1.056318283 -1.294962406 15.831066132 -0.003716964 -0.494126171 -0.034543168 0.868695736
24317.484000 -1.057566643 -1.295819879 15.837521553 -0.001794327 -0.502847075 -0.035857238 0.863629460
24317.562000 -1.059034824 -1.295280695 15.840220451 -0.000007684 -0.508723676 -0.037784614 0.860100389
24317.656000 -1.062319756 -1.297484994 15.845589638 0.000044994 -0.512627780 -0.039901499 0.857683301
24317.734000 -1.062657833 -1.300394058 15.849846840 -0.002001612 -0.517949879 -0.043067310 0.854323864
24317.828000 -1.070550919 -1.304530621 15.851806641 -0.001475001 -0.528842151 -0.051981941 0.847125530
24317.906000 -1.068983078 -1.309290171 15.850461960 0.002260913 -0.534862876 -0.050591327 0.843419969
24317.984000 -1.078465462 -1.309646726 15.853407860 0.003347503 -0.539911628 -0.047545310 0.840371132
24318.078000 -1.079401493 -1.309887290 15.857297897 0.006471489 -0.547261238 -0.042951133 0.835834026
24318.156000 -1.095917225 -1.312469602 15.865914345 0.008284714 -0.557143867 -0.036166601 0.829586685
24318.234000 -1.107826233 -1.313963771 15.867712021 0.011305260 -0.562006354 -0.034231316 0.826346934
24318.328000 -1.118111610 -1.314639807 15.878973007 0.015066681 -0.566058695 -0.030593114 0.823659301
24318.406000 -1.137327194 -1.317419410 15.890966415 0.019365398 -0.572682977 -0.033703074 0.818854868
24318.484000 -1.151226997 -1.321014404 15.897048950 0.018017599 -0.576519608 -0.032433745 0.816240489
24318.562000 -1.162025452 -1.322801113 15.905113220 0.020349300 -0.581034422 -0.031062339 0.813031375
24318.656000 -1.171256065 -1.325478673 15.914501190 0.022683669 -0.588975310 -0.027968278 0.807348311
24318.734000 -1.191489220 -1.328540325 15.920228958 0.020677123 -0.595666826 -0.031644251 0.802341700
24318.812000 -1.222189903 -1.332233191 15.936836243 0.018683389 -0.609212160 -0.030336570 0.792206526
24318.906000 -1.239661217 -1.335092187 15.946371078 0.016908834 -0.615536630 -0.029422538 0.787377357
24319.000000 -1.252763748 -1.333956838 15.954331398 0.017649336 -0.624449432 -0.027905552 0.780367017
24319.078000 -1.282849312 -1.334860563 15.970827103 0.015705632 -0.639812469 -0.026236301 0.767922521
24319.156000 -1.298968315 -1.332736135 15.981276512 0.016643567 -0.645756543 -0.026331404 0.762907743
24319.250000 -1.312727928 -1.333130479 15.988039970 0.018107498 -0.652007341 -0.024870940 0.757588267
24319.343000 -1.325668335 -1.333266258 15.992297173 0.019805420 -0.657266796 -0.023712894 0.753024459
24319.421000 -1.351322174 -1.340069532 15.997237206 0.017579265 -0.667739809 -0.019540118 0.743930578
24319.500000 -1.362551689 -1.340066433 15.998498917 0.018084712 -0.673725665 -0.020697232 0.738470256
24319.578000 -1.368144035 -1.332265496 16.009214401 0.016085345 -0.681414008 -0.022302844 0.731381416
24319.656000 -1.380973816 -1.335083127 16.006721497 0.011417066 -0.684291005 -0.024532376 0.728706837
24319.750000 -1.392224312 -1.335289359 16.012304306 0.014755007 -0.694611132 -0.013754342 0.719102561
24319.843000 -1.403280258 -1.334496140 16.011272430 0.011123585 -0.699529827 -0.017163746 0.714310646
24319.937000 -1.412894249 -1.331198573 16.016977310 0.005220488 -0.701524138 -0.023022808 0.712254643
24320.015000 -1.431480408 -1.334926009 16.020879745 0.001635660 -0.704849660 -0.032006942 0.708632410
24320.093000 -1.446201324 -1.336642981 16.025285721 0.002367769 -0.706498921 -0.030126313 0.707068682
24320.171000 -1.457172394 -1.339241505 16.030511856 0.002662340 -0.705251455 -0.031443741 0.708254635
24320.265000 -1.471112251 -1.338595271 16.033081055 0.003069147 -0.707879066 -0.036942571 0.705360234
24320.343000 -1.488916397 -1.346066236 16.038837433 -0.001781193 -0.711815715 -0.045790479 0.700869799
24320.421000 -1.517991066 -1.350803375 16.048856735 -0.012856918 -0.714392483 -0.054578230 0.697495103
24320.515000 -1.533454895 -1.357612848 16.053041458 -0.006368662 -0.717954040 -0.053232275 0.694022894
24320.593000 -1.549868584 -1.364321589 16.055673599 -0.000396679 -0.722422719 -0.053775117 0.689357340
24320.671000 -1.559638977 -1.371356010 16.064037323 0.001348385 -0.727077663 -0.055818826 0.684281111
24320.750000 -1.587514877 -1.379434705 16.071226120 0.007451293 -0.733006656 -0.049191765 0.678399503
24320.828000 -1.600584030 -1.383375406 16.077571869 0.008584916 -0.737590492 -0.047851570 0.673495948
24320.921000 -1.609985352 -1.385326624 16.083581924 0.014097418 -0.742000818 -0.045541361 0.668701828
24321.015000 -1.622955322 -1.383260250 16.088426590 0.011933209 -0.745531321 -0.045432419 0.664813221
24321.093000 -1.656497955 -1.377673149 16.091936111 -0.001779982 -0.754359007 -0.041872077 0.655122936
24321.171000 -1.667446136 -1.376052499 16.093328476 -0.006100842 -0.759585202 -0.039393764 0.649185121
24321.265000 -1.679290771 -1.374084234 16.095354080 -0.012191278 -0.756512284 -0.045597810 0.652274013
24321.343000 -1.695272446 -1.372367501 16.101728439 -0.014108509 -0.754719079 -0.046363108 0.654255748
24321.421000 -1.728878021 -1.370453358 16.101886749 -0.018330501 -0.743499160 -0.044440616 0.667006731
24321.515000 -1.750331879 -1.369049311 16.099912643 -0.014048438 -0.743402481 -0.046514649 0.667077065
24321.593000 -1.771219254 -1.370518923 16.102630615 -0.009209114 -0.739764035 -0.049338523 0.670991957
24321.671000 -1.790763855 -1.374529839 16.104049683 -0.007936877 -0.738603354 -0.046638913 0.672478259
24321.750000 -1.842578888 -1.386472464 16.105930328 -0.005007786 -0.728807390 -0.047047392 0.683082223
24321.843000 -1.866131783 -1.391629577 16.108928680 -0.005011898 -0.721818268 -0.048562512 0.690358639
24321.921000 -1.887931824 -1.397267699 16.108373642 -0.001435889 -0.717249811 -0.044255719 0.695407867
24322.000000 -1.911626816 -1.405153394 16.103309631 0.004381393 -0.711615443 -0.045642525 0.701071382
24322.078000 -1.955950737 -1.412284613 16.097877502 0.004995268 -0.709275186 -0.044953641 0.703479171
24322.156000 -1.977465630 -1.415277839 16.091197968 0.009530112 -0.712281346 -0.038780626 0.700757086
24322.250000 -1.999296188 -1.418657303 16.086187363 0.008176251 -0.710749924 -0.037339732 0.702405512
24322.343000 -2.018365860 -1.416008234 16.082653046 0.001733638 -0.708147705 -0.036014844 0.705143094
24322.421000 -2.057885170 -1.411458492 16.077384949 -0.006900580 -0.706640482 -0.034121156 0.706715941
24322.500000 -2.074022293 -1.412520766 16.078193665 -0.009342958 -0.708635390 -0.035852928 0.704601526
24322.578000 -2.094878197 -1.411461592 16.074123383 -0.011618561 -0.712629199 -0.041843783 0.700195491
24322.656000 -2.112893105 -1.409341931 16.073099136 -0.014988547 -0.712397218 -0.046250645 0.700090289
24322.750000 -2.131630898 -1.406801462 16.071756363 -0.017233251 -0.713642478 -0.050851099 0.698449433
24322.843000 -2.178196907 -1.399974585 16.072204590 -0.022112228 -0.716384172 -0.052548043 0.695372999
24322.937000 -2.205133438 -1.400128841 16.073724747 -0.021757463 -0.717299402 -0.050343316 0.694603324
24323.046000 -2.263003349 -1.400496840 16.079206467 -0.025905842 -0.714565337 -0.051273294 0.697206080
24323.125000 -2.291321754 -1.402608156 16.085023880 -0.023933774 -0.715169847 -0.044808440 0.697102249
24323.203000 -2.324642181 -1.406325459 16.085315704 -0.022210049 -0.712811708 -0.042366464 0.699722350
24323.296000 -2.383989334 -1.413828015 16.094133377 -0.025191782 -0.712048709 -0.041204721 0.700467110
24323.390000 -2.412217140 -1.417780876 16.095239639 -0.022007780 -0.712108731 -0.038724329 0.700654864
24323.468000 -2.437688828 -1.423791647 16.095876694 -0.016466262 -0.714435101 -0.040101934 0.698357582
24323.578000 -2.489713669 -1.427686453 16.091363907 -0.012438383 -0.718663096 -0.051106650 0.693366349
24323.656000 -2.510717392 -1.424655676 16.093524933 -0.013948685 -0.720827699 -0.055684786 0.690733075
24323.734000 -2.531070709 -1.425057888 16.092079163 -0.017774202 -0.722073138 -0.060632426 0.688925505
24323.828000 -2.575173378 -1.423657298 16.093976974 -0.023685580 -0.715658784 -0.073542014 0.694163680
24323.906000 -2.600940704 -1.422015786 16.095373154 -0.025829149 -0.716552913 -0.078197077 0.692654312
24324.000000 -2.624011993 -1.419720292 16.094612122 -0.026050990 -0.717260063 -0.079931058 0.691715598
24324.078000 -2.677070618 -1.414245605 16.094501495 -0.021032820 -0.721373856 -0.073507607 0.688312471
24324.171000 -2.709379196 -1.413957834 16.089807510 -0.015838353 -0.721030414 -0.070313565 0.689144611
24324.265000 -2.744407654 -1.412951946 16.086198807 -0.009992595 -0.720173120 -0.068048380 0.690376878
24324.343000 -2.815862656 -1.418815017 16.075283051 0.004817787 -0.721890986 -0.068422496 0.688598990
24324.437000 -2.858775139 -1.424226284 16.067459106 0.005534064 -0.725751698 -0.068366408 0.684528947
24324.515000 -2.899220467 -1.432930231 16.057258606 0.012131074 -0.730882525 -0.060615774 0.679697931
24324.609000 -2.935806274 -1.436823249 16.050193787 0.018976631 -0.734013021 -0.056498323 0.676515162
24324.687000 -3.006299019 -1.445326805 16.034593582 0.025025526 -0.738524139 -0.057473157 0.671306729
24324.781000 -3.036725998 -1.443098307 16.029592514 0.019799514 -0.741111279 -0.055854380 0.668761909
24324.875000 -3.065876007 -1.443813443 16.026731491 0.020787435 -0.741938829 -0.048928384 0.668356717
24324.953000 -3.132732391 -1.441914558 16.020257950 0.008591321 -0.744141042 -0.065254189 0.664772272
24325.031000 -3.162577629 -1.434285760 16.017583847 0.004872198 -0.742164969 -0.074289039 0.666069627
24325.125000 -3.192098618 -1.433334470 16.017629623 0.001589782 -0.743738830 -0.075853147 0.664150953
24325.203000 -3.221590996 -1.430607200 16.016485214 -0.001476116 -0.745585442 -0.076880045 0.661958933
24325.281000 -3.289616585 -1.423695564 16.016578674 -0.001071407 -0.752443552 -0.074868582 0.654386938
24325.359000 -3.324150085 -1.423017502 16.017007828 0.003983647 -0.756289542 -0.069251895 0.650549352
24325.453000 -3.360093117 -1.426198125 16.013889313 0.008430094 -0.758151829 -0.063410334 0.648932993
24325.531000 -3.395553589 -1.432435393 16.019100189 0.007622980 -0.761301935 -0.055273123 0.645992398
24325.625000 -3.480644226 -1.457798600 16.000446320 0.002211705 -0.758806467 -0.053811241 0.649085701
24325.703000 -3.496143341 -1.459983349 16.023212433 0.018337894 -0.766397774 -0.039020345 0.640917778
24325.781000 -3.529191971 -1.455887556 16.025833130 0.026330642 -0.774707377 -0.024311954 0.631303489
24325.890000 -3.550378799 -1.452629089 16.032957077 0.022957975 -0.771986306 -0.027639169 0.634622931
24325.968000 -3.597379684 -1.452729106 16.034030914 0.021056335 -0.759981334 -0.033833567 0.648722053
24326.046000 -3.626547813 -1.454128146 16.032363892 0.019631423 -0.754772246 -0.040893890 0.654416740
24326.140000 -3.655747414 -1.445666790 16.029491425 0.011477054 -0.750688255 -0.052616749 0.658457994
24326.218000 -3.713948250 -1.435144305 16.027921677 -0.000018699 -0.742814839 -0.071140043 0.665706575
24326.296000 -3.740091324 -1.429135799 16.024490356 -0.004230771 -0.738779843 -0.075909227 0.669644833
24326.390000 -3.769369125 -1.427051067 16.025682449 -0.008090824 -0.735253632 -0.080003448 0.673005283
24326.468000 -3.801712990 -1.424122810 16.022945404 -0.005853171 -0.730044246 -0.078372285 0.678865910
24326.562000 -3.875348091 -1.424905777 16.016277313 -0.002484006 -0.719644785 -0.080225162 0.689687788
24326.640000 -3.915126801 -1.428548217 16.011482239 -0.007386419 -0.719169021 -0.074757501 0.690762341
24326.718000 -3.952054977 -1.436409712 16.001680374 -0.006009353 -0.718014836 -0.072381832 0.692227900
24326.812000 -3.979650497 -1.436891556 15.998727798 -0.001731264 -0.717683852 -0.073616870 0.692464828
24326.890000 -4.040924072 -1.444958925 15.978052139 -0.004092818 -0.714331150 -0.060691930 0.697159052
24326.968000 -4.074682236 -1.445226192 15.975977898 -0.006655289 -0.708574355 -0.058336567 0.703189075
24327.046000 -4.103518486 -1.442911386 15.971529961 -0.007922545 -0.705910742 -0.050850186 0.706428707
24327.140000 -4.106712341 -1.423645496 15.986595154 -0.004752658 -0.705453932 -0.054235883 0.706661582
24327.218000 -4.188534737 -1.444901705 15.956798553 -0.013733907 -0.699726224 -0.060120929 0.711744428
24327.312000 -4.217715263 -1.443883181 15.954095840 -0.010649306 -0.699687541 -0.060184184 0.711829960
24327.390000 -4.247223854 -1.440449238 15.948932648 -0.013488656 -0.701403856 -0.065490797 0.709620774
24327.484000 -4.316699028 -1.433530688 15.941323280 -0.018732380 -0.701464474 -0.073210143 0.708686829
24327.562000 -4.348883629 -1.433038473 15.939711571 -0.017884804 -0.701408505 -0.072800703 0.708806276
24327.656000 -4.383613586 -1.432742596 15.941516876 -0.011133650 -0.706893563 -0.062930904 0.704426885
24327.734000 -4.425068855 -1.439026713 15.938648224 -0.009806566 -0.707973778 -0.060987152 0.703532279
24327.859000 -4.506726265 -1.446788073 15.937464714 -0.019320238 -0.706634820 -0.069890045 0.703853250
24327.937000 -4.541009903 -1.444278479 15.936468124 -0.021440651 -0.702451110 -0.063878641 0.708535314
24328.015000 -4.589792252 -1.451860666 15.935800552 -0.003236773 -0.699032843 -0.051805831 0.713203251
24328.109000 -4.618388176 -1.454774857 15.934453011 -0.007135487 -0.698328316 -0.052686132 0.713800251
24328.203000 -4.644636154 -1.455144405 15.929104805 -0.007584766 -0.695999205 -0.051744100 0.716135561
24328.281000 -4.704117775 -1.455596924 15.917189598 -0.003774056 -0.695761383 -0.064392164 0.715370893
24328.359000 -4.734105110 -1.453138351 15.913027763 -0.005552549 -0.691586435 -0.066868432 0.719170332
24328.437000 -4.768827438 -1.451320767 15.908302307 -0.006403214 -0.691140950 -0.061574034 0.720063806
24328.515000 -4.801868439 -1.453847051 15.904951096 -0.003463370 -0.686334312 -0.059458297 0.724843383
24328.609000 -4.874798775 -1.469497204 15.919401169 0.001670421 -0.681771815 -0.063715912 0.728783011
24328.703000 -4.905783653 -1.445229888 15.890007019 -0.000855943 -0.673709393 -0.042809989 0.737754881
24328.781000 -4.943585396 -1.452179670 15.884756088 -0.003631463 -0.675533533 -0.036405783 0.736420989
24328.875000 -4.976942062 -1.456491947 15.877438545 -0.005566332 -0.673794866 -0.037742384 0.737933040
24328.953000 -5.035075188 -1.465313435 15.858049393 0.000460272 -0.671849072 -0.035393793 0.739841819
24329.031000 -5.061850548 -1.466260672 15.847863197 0.001897237 -0.667771697 -0.037885282 0.743398964
24329.125000 -5.082503319 -1.465259314 15.839422226 0.003994008 -0.671921611 -0.039352171 0.739565253
24329.203000 -5.128618240 -1.460357428 15.822896004 -0.003047851 -0.675868213 -0.044199090 0.735689700
24329.375000 -5.172702789 -1.452921629 15.816087723 -0.010700543 -0.682322800 -0.046312563 0.729504108
24329.453000 -5.192702293 -1.455468893 15.812136650 -0.013472879 -0.683078825 -0.046880752 0.728713930
24329.546000 -5.212380409 -1.453026295 15.810633659 -0.010468978 -0.682195127 -0.046914488 0.729588389
24329.625000 -5.261479378 -1.447309732 15.805465698 -0.008311214 -0.683010221 -0.054507390 0.728324831
24329.703000 -5.286211014 -1.446848869 15.804571152 -0.006861321 -0.686010778 -0.054879963 0.725486279
24329.781000 -5.311048508 -1.444442987 15.806416512 -0.006144922 -0.689572573 -0.053374119 0.722220957
24329.875000 -5.342247963 -1.440330505 15.802831650 -0.006145153 -0.692027628 -0.053690057 0.719845355
24329.953000 -5.428878784 -1.443711758 15.809471130 -0.012641489 -0.693821311 -0.056249857 0.717835784
24330.031000 -5.445886612 -1.448344946 15.813816071 -0.018020775 -0.694222569 -0.054626141 0.717458189
24330.531000 -5.646547318 -1.457264066 15.822929382 -0.016695714 -0.708007693 -0.065564141 0.702956438
24330.765000 -5.765081406 -1.450711250 15.811559677 -0.017809864 -0.707363486 -0.072273031 0.702919841
24330.937000 -5.834662437 -1.448206902 15.805787086 -0.016497502 -0.699582458 -0.063147008 0.711565018
24331.031000 -5.908719063 -1.452852726 15.803451538 -0.011971285 -0.685800314 -0.053859547 0.725695372
24331.203000 -5.981950283 -1.457307339 15.794015884 -0.019457929 -0.672316074 -0.058187008 0.737717271
24331.281000 -6.046727657 -1.457632661 15.789364815 -0.016838156 -0.667912483 -0.044220597 0.742734134
24331.546000 -6.130882263 -1.462022781 15.773367882 -0.018225918 -0.672189832 -0.051615465 0.738352537
24331.625000 -6.180094719 -1.462874174 15.767244339 -0.014439380 -0.680840969 -0.051095665 0.730504155
24331.718000 -6.208073616 -1.460535526 15.763893127 -0.018912956 -0.683864534 -0.056804292 0.727148473
24331.812000 -6.232213974 -1.460213780 15.767044067 -0.022583513 -0.687256515 -0.056818966 0.723837137
24331.890000 -6.283380508 -1.457959652 15.769752502 -0.027456254 -0.692712605 -0.056482155 0.718474269
24332.140000 -6.368559837 -1.457862735 15.772307396 -0.025934566 -0.695238709 -0.056973718 0.716047943
24332.312000 -6.457784653 -1.475978851 15.787391663 -0.023383673 -0.694680870 -0.049796801 0.717211246
24332.406000 -6.488479614 -1.479710340 15.791407585 -0.020732334 -0.696230471 -0.045259267 0.716090024
24332.578000 -6.572745323 -1.484482288 15.798714638 -0.014744397 -0.694493651 -0.050221667 0.717592478
24332.671000 -6.593643188 -1.485523462 15.800433159 -0.016680740 -0.695215344 -0.053974159 0.716578126
24332.859000 -6.648578644 -1.485436440 15.799419403 -0.012050578 -0.697645724 -0.054736964 0.714247227
24333.109000 -6.732701302 -1.481028676 15.790452957 -0.012459248 -0.702018797 -0.061418235 0.709395707
24334.531000 -7.279955387 -1.489232540 15.756882668 -0.002307545 -0.691258252 -0.056362316 0.720402658
24334.812000 -7.408721924 -1.502019644 15.758616447 -0.003281569 -0.693754971 -0.054097854 0.718169093
24335.062000 -7.511136055 -1.510618210 15.766770363 0.013159767 -0.699318945 -0.045042407 0.713267863
24335.234000 -7.572348595 -1.512865663 15.754302979 0.015946435 -0.707689524 -0.054205224 0.704260647
24335.312000 -7.588655472 -1.510540247 15.748607635 0.018044459 -0.712356389 -0.053065475 0.699576259
24335.406000 -7.612858772 -1.514207125 15.742280960 0.013586659 -0.714923084 -0.062256251 0.696293473
24335.515000 -7.655919075 -1.506936908 15.729801178 0.010447339 -0.717776656 -0.064356931 0.693214059
24335.593000 -7.684587479 -1.503925323 15.722393990 0.010183897 -0.714151442 -0.069173075 0.696490586
24335.687000 -7.712962151 -1.501119375 15.716265678 0.010423589 -0.711772621 -0.066395976 0.699187160
24335.765000 -7.780002594 -1.498147249 15.697316170 0.014350124 -0.704309821 -0.063304089 0.706918895
24335.859000 -7.813222885 -1.500722170 15.687235832 0.012697065 -0.700666308 -0.060123838 0.710837960
24335.953000 -7.879441738 -1.504802823 15.664119720 0.010518520 -0.695890129 -0.056733087 0.715826571
24336.046000 -7.914640903 -1.506934643 15.652023315 0.009939052 -0.693044662 -0.057665072 0.718515873
24336.125000 -7.943351269 -1.506495953 15.641599655 0.009995651 -0.692695558 -0.054293763 0.719114125
24336.234000 -8.003988266 -1.511148930 15.614724159 0.011513610 -0.693652034 -0.054030769 0.718188763
24336.312000 -8.029485703 -1.510245562 15.607661247 0.010520124 -0.695801377 -0.051723421 0.716292262
24336.390000 -8.054197311 -1.508715630 15.598951340 0.010407128 -0.696346641 -0.052396480 0.715714812
24336.500000 -8.096994400 -1.506733179 15.591603279 0.012812175 -0.695592284 -0.055840373 0.716148794
24336.578000 -8.116157532 -1.507416725 15.586073875 0.013864951 -0.693682909 -0.055053834 0.718039632
24336.671000 -8.139631271 -1.507607579 15.582785606 0.013652142 -0.692656994 -0.057734709 0.718823195
24336.765000 -8.188318253 -1.500673413 15.587053299 0.011803914 -0.691570103 -0.063989013 0.719372571
24336.859000 -8.219862938 -1.497953176 15.582748413 0.011694726 -0.691080749 -0.063688949 0.719871104
24336.937000 -8.259185791 -1.501035690 15.595951080 0.011143544 -0.692265332 -0.064267606 0.718689322
24337.046000 -8.314002991 -1.503192782 15.601591110 0.006541188 -0.693909585 -0.059183773 0.717595994
24337.140000 -8.345661163 -1.500973225 15.604630470 0.005691941 -0.693306863 -0.054218955 0.718577445
24337.218000 -8.413930893 -1.510354280 15.615359306 0.004012081 -0.690877855 -0.047016665 0.721430004
24337.312000 -8.444875717 -1.517840505 15.616274834 0.003047268 -0.689735413 -0.046575002 0.722555578
24337.406000 -8.475355148 -1.517673492 15.617981911 0.006096681 -0.689242899 -0.051465593 0.722674429
24337.500000 -8.532517433 -1.516224623 15.622384071 0.009728068 -0.694499135 -0.057477642 0.717128158
24337.578000 -8.560060501 -1.518160105 15.620107651 0.008205892 -0.693379819 -0.063322738 0.717737675
24337.656000 -8.587193489 -1.517437935 15.622335434 0.008728122 -0.694990337 -0.066290550 0.715903580
24337.750000 -8.644844055 -1.517037868 15.628351212 0.008617861 -0.694408655 -0.072276630 0.715889990
24337.843000 -8.674443245 -1.514444113 15.629123688 0.007808166 -0.692424059 -0.073493429 0.717695415
24337.937000 -8.705108643 -1.514884591 15.630082130 0.007459987 -0.690826535 -0.072275512 0.719360411
24338.015000 -8.770235062 -1.507832289 15.632122993 0.009073526 -0.687618613 -0.065822557 0.723025382
24338.109000 -8.805072784 -1.513067245 15.635170937 0.012365328 -0.685532928 -0.062902518 0.725213766
24338.187000 -8.842253685 -1.516137362 15.633648872 0.013024395 -0.681474328 -0.063302360 0.728982806
24338.296000 -8.915019035 -1.524671793 15.629837990 0.008317119 -0.677474558 -0.058330450 0.733182490
24338.375000 -8.944671631 -1.528007746 15.629066467 0.011969555 -0.675477386 -0.052178640 0.735434830
24338.468000 -8.975859642 -1.530218482 15.625346184 0.014477035 -0.673199832 -0.047815565 0.737771094
24338.578000 -9.033657074 -1.534496784 15.620493889 0.009763447 -0.671420276 -0.048548356 0.739420414
24338.671000 -9.058057785 -1.534193993 15.620205879 0.007722999 -0.670000970 -0.050897438 0.740573168
24338.750000 -9.106380463 -1.528947830 15.623068810 0.005768419 -0.671706319 -0.055795528 0.738690853
24339.093000 -9.228907585 -1.528810382 15.613741875 -0.001382546 -0.680427849 -0.065928556 0.729842186
24339.250000 -9.280212402 -1.521151781 15.618675232 0.000638779 -0.685412228 -0.061418876 0.725560129
24339.406000 -9.377772331 -1.518701434 15.617466927 0.001156153 -0.688940227 -0.051717065 0.722969890
24339.671000 -9.474517822 -1.538856864 15.628705978 0.001874099 -0.694833457 -0.047944427 0.717568338
24339.750000 -9.532592773 -1.548835754 15.631157875 0.010550453 -0.700165987 -0.057097569 0.711615264
24339.828000 -9.563470840 -1.553379655 15.636556625 0.007861258 -0.706442416 -0.058359150 0.705316603
24340.000000 -9.616472244 -1.538917780 15.628283501 0.000177857 -0.709267795 -0.064044289 0.702023864
24340.078000 -9.668882370 -1.538121223 15.623777390 -0.001241882 -0.711407304 -0.071767636 0.699104846
24340.171000 -9.696123123 -1.536046863 15.625202179 -0.002853992 -0.712734818 -0.072907910 0.697628438
24340.250000 -9.725341797 -1.543545961 15.631829262 -0.006605636 -0.715721548 -0.073992833 0.694423616
24340.343000 -9.756726265 -1.540226340 15.628205299 -0.006940525 -0.716213644 -0.075105578 0.693793178
24340.421000 -9.823499680 -1.540296912 15.629826546 -0.003499337 -0.720059156 -0.069165565 0.690448225
24340.515000 -9.849800110 -1.528979540 15.601021767 0.004833629 -0.716463208 -0.065175749 0.694556832
24340.593000 -9.885419846 -1.530500293 15.598948479 0.004000945 -0.716510355 -0.064554118 0.694571555
24340.687000 -9.952707291 -1.544003725 15.594376564 -0.000372291 -0.714353621 -0.062698491 0.696970344
24340.781000 -9.983089447 -1.546324968 15.579308510 0.003358029 -0.715320647 -0.049967282 0.696999609
24340.875000 -10.040877342 -1.547083855 15.567553520 0.006931604 -0.714126647 -0.042975672 0.698661685
24340.953000 -10.066870689 -1.548836946 15.562681198 -0.001799374 -0.717448294 -0.046187330 0.695076644
24341.046000 -10.089914322 -1.545515537 15.558775902 -0.002406598 -0.719422817 -0.048423856 0.692878187
24341.125000 -10.118755341 -1.552688241 15.554939270 -0.002597619 -0.724401057 -0.048243430 0.687683821
24341.218000 -10.168851852 -1.538021803 15.534776688 -0.000273736 -0.732670307 -0.059697453 0.677960396
24341.296000 -10.199167252 -1.537202597 15.534308434 -0.003886217 -0.738017261 -0.062980630 0.671825051
24341.390000 -10.228821754 -1.532417297 15.533132553 -0.003007625 -0.742523074 -0.060698349 0.667057931
24341.484000 -10.295733452 -1.541043997 15.531906128 0.002379825 -0.752292275 -0.056131825 0.656429648
24341.562000 -10.332922935 -1.544976354 15.525070190 0.004124029 -0.753454804 -0.052647296 0.655375659
24341.640000 -10.367282867 -1.551787853 15.524215698 0.003770274 -0.755760372 -0.052472152 0.652731717
24341.734000 -10.407491684 -1.556809664 15.523681641 0.004756588 -0.759668708 -0.049343403 0.648418248
24341.812000 -10.467743874 -1.547981858 15.512209892 0.009209025 -0.770790935 -0.052103978 0.634887159
24341.875000 -10.491007805 -1.551636815 15.510261536 0.008160402 -0.777632117 -0.056695919 0.626104832
24341.968000 -10.502933502 -1.547825456 15.495019913 0.009857533 -0.790524662 -0.056391351 0.609748781
24342.062000 -10.520096779 -1.552972198 15.494904518 0.009486508 -0.809038877 -0.063440636 0.584244192
24342.156000 -10.540665627 -1.555018187 15.471826553 0.013452951 -0.836669445 -0.070978731 0.542922914
24342.234000 -10.496194839 -1.538831472 15.297863007 0.026487904 -0.839857936 -0.080791883 0.536106110
24342.234000 -10.496194839 -1.538831472 15.297863007 0.026487904 -0.839857936 -0.080791883 0.536106110
24342.234000 -10.496194839 -1.538831472 15.297863007 0.026487904 -0.839857936 -0.080791883 0.536106110
24342.500000 -10.599351883 -1.517839670 15.444306374 0.014915075 -0.891517222 -0.086707644 0.444360793
24342.593000 -10.608036041 -1.516280293 15.457090378 0.018355571 -0.902313113 -0.087294228 0.421751052
24342.593000 -10.608036041 -1.516280293 15.457090378 0.018355571 -0.902313113 -0.087294228 0.421751052
24342.593000 -10.608036041 -1.516280293 15.457090378 0.018355571 -0.902313113 -0.087294228 0.421751052
24342.593000 -10.608036041 -1.516280293 15.457090378 0.018355571 -0.902313113 -0.087294228 0.421751052
24342.593000 -10.608036041 -1.516280293 15.457090378 0.018355571 -0.902313113 -0.087294228 0.421751052
24342.593000 -10.608036041 -1.516280293 15.457090378 0.018355571 -0.902313113 -0.087294228 0.421751052
24342.593000 -10.608036041 -1.516280293 15.457090378 0.018355571 -0.902313113 -0.087294228 0.421751052
24342.593000 -10.608036041 -1.516280293 15.457090378 0.018355571 -0.902313113 -0.087294228 0.421751052
24342.593000 -10.608036041 -1.516280293 15.457090378 0.018355571 -0.902313113 -0.087294228 0.421751052
24342.593000 -10.608036041 -1.516280293 15.457090378 0.018355571 -0.902313113 -0.087294228 0.421751052
24342.593000 -10.608036041 -1.516280293 15.457090378 0.018355571 -0.902313113 -0.087294228 0.421751052
24342.593000 -10.608036041 -1.516280293 15.457090378 0.018355571 -0.902313113 -0.087294228 0.421751052
24342.593000 -10.608036041 -1.516280293 15.457090378 0.018355571 -0.902313113 -0.087294228 0.421751052
24342.593000 -10.608036041 -1.516280293 15.457090378 0.018355571 -0.902313113 -0.087294228 0.421751052
24342.593000 -10.608036041 -1.516280293 15.457090378 0.018355571 -0.902313113 -0.087294228 0.421751052
24342.593000 -10.608036041 -1.516280293 15.457090378 0.018355571 -0.902313113 -0.087294228 0.421751052
24342.593000 -10.608036041 -1.516280293 15.457090378 0.018355571 -0.902313113 -0.087294228 0.421751052
24342.593000 -10.608036041 -1.516280293 15.457090378 0.018355571 -0.902313113 -0.087294228 0.421751052
24342.593000 -10.608036041 -1.516280293 15.457090378 0.018355571 -0.902313113 -0.087294228 0.421751052
24342.593000 -10.608036041 -1.516280293 15.457090378 0.018355571 -0.902313113 -0.087294228 0.421751052
24342.593000 -10.608036041 -1.516280293 15.457090378 0.018355571 -0.902313113 -0.087294228 0.421751052
24342.593000 -10.608036041 -1.516280293 15.457090378 0.018355571 -0.902313113 -0.087294228 0.421751052
24342.593000 -10.608036041 -1.516280293 15.457090378 0.018355571 -0.902313113 -0.087294228 0.421751052
24342.593000 -10.608036041 -1.516280293 15.457090378 0.018355571 -0.902313113 -0.087294228 0.421751052
24342.593000 -10.608036041 -1.516280293 15.457090378 0.018355571 -0.902313113 -0.087294228 0.421751052
24342.593000 -10.608036041 -1.516280293 15.457090378 0.018355571 -0.902313113 -0.087294228 0.421751052
24342.593000 -10.608036041 -1.516280293 15.457090378 0.018355571 -0.902313113 -0.087294228 0.421751052
24342.593000 -10.608036041 -1.516280293 15.457090378 0.018355571 -0.902313113 -0.087294228 0.421751052
24342.593000 -10.608036041 -1.516280293 15.457090378 0.018355571 -0.902313113 -0.087294228 0.421751052
24342.593000 -10.608036041 -1.516280293 15.457090378 0.018355571 -0.902313113 -0.087294228 0.421751052
24342.593000 -10.608036041 -1.516280293 15.457090378 0.018355571 -0.902313113 -0.087294228 0.421751052
24342.593000 -10.608036041 -1.516280293 15.457090378 0.018355571 -0.902313113 -0.087294228 0.421751052
24342.593000 -10.608036041 -1.516280293 15.457090378 0.018355571 -0.902313113 -0.087294228 0.421751052
24342.593000 -10.608036041 -1.516280293 15.457090378 0.018355571 -0.902313113 -0.087294228 0.421751052
24342.593000 -10.608036041 -1.516280293 15.457090378 0.018355571 -0.902313113 -0.087294228 0.421751052
24346.000000 0.000000000 0.000000000 0.000000000 -0.000000000 -0.000000000 -0.000000000 1.000000000
